HI	15001020100	5213	2108	251407106	10656669	      97.069	       4.115	 19.8228341	-155.1849688                                                                                                          
HI	15001020202	2568	692	634518910	1275001	     244.989	       0.492	 19.6598098	-155.2324728                                                                                                            
HI	15001020300	3934	1874	3291790	488902	       1.271	       0.189	 19.7177230	-155.0940012                                                                                                              
HI	15001020400	3294	1454	2702029	2217185	       1.043	       0.856	 19.7229770	-155.0810552                                                                                                             
HI	15001020500	5924	2389	6092866	96342	       2.352	       0.037	 19.7057376	-155.0755183                                                                                                               
HI	15001020600	5391	1935	48489439	12722932	      18.722	       4.912	 19.7070057	-155.0369344                                                                                                           
HI	15001020701	4507	1866	4722020	0	       1.823	       0.000	 19.6851638	-155.0756965                                                                                                                   
HI	15001020702	4861	1779	3080600	0	       1.189	       0.000	 19.6778538	-155.0931548                                                                                                                   
HI	15001020801	4310	1472	30250504	1492	      11.680	       0.001	 19.6861585	-155.1254120                                                                                                               
HI	15001020802	6196	2353	10686217	0	       4.126	       0.000	 19.7036613	-155.1164466                                                                                                                  
HI	15001020900	4729	1730	28714255	0	      11.087	       0.000	 19.6533225	-155.1076910                                                                                                                  
HI	15001021003	6391	2508	33861756	0	      13.074	       0.000	 19.5426417	-155.0075250                                                                                                                  
HI	15001021005	11012	4414	38580467	2860268	      14.896	       1.104	 19.5887159	-154.9717733                                                                                                           
HI	15001021010	7884	3975	151393313	0	      58.453	       0.000	 19.4978463	-155.1032298                                                                                                                 
HI	15001021011	4009	1892	244833881	7555	      94.531	       0.003	 19.4979145	-155.2331073                                                                                                              
HI	15001021013	4970	1831	132307852	7076568	      51.084	       2.732	 19.6203517	-155.0332669                                                                                                           
HI	15001021101	3531	2084	106342141	11164964	      41.059	       4.311	 19.4437547	-154.9134575                                                                                                          
HI	15001021106	7529	3309	587572196	16252357	     226.863	       6.275	 19.4389404	-155.0281756                                                                                                          
HI	15001021202	8451	4202	2420436306	86842900	     934.536	      33.530	 19.2387695	-155.5469905                                                                                                         
HI	15001021300	5972	2759	814520329	57244575	     314.488	      22.102	 19.3373678	-155.8372283                                                                                                          
HI	15001021402	4025	1586	41942366	6313950	      16.194	       2.438	 19.5314009	-155.8933226                                                                                                            
HI	15001021502	4844	2085	930754972	49779	     359.367	       0.019	 19.5971722	-155.8217100                                                                                                             
HI	15001021504	3965	1324	31032281	7543018	      11.982	       2.912	 19.6664631	-156.0054038                                                                                                            
HI	15001021507	8503	3810	244428499	47896994	      94.374	      18.493	 19.8019678	-155.9232201                                                                                                          
HI	15001021509	5154	3326	26238232	10331397	      10.131	       3.989	 19.5670546	-155.9549548                                                                                                           
HI	15001021601	7822	3782	17656105	4186552	       6.817	       1.616	 19.6468399	-155.9691931                                                                                                            
HI	15001021604	7587	4315	7858205	2958911	       3.034	       1.142	 19.6146042	-155.9710589                                                                                                             
HI	15001021702	9540	3613	523696909	99988	     202.201	       0.039	 19.9022383	-155.6875622                                                                                                             
HI	15001021704	8087	5881	365960834	37834771	     141.298	      14.608	 19.9436415	-155.7894450                                                                                                          
HI	15001021800	6322	2583	365110884	37900521	     140.970	      14.633	 20.1763620	-155.8227292                                                                                                          
HI	15001021902	3925	1516	298755657	32762103	     115.350	      12.650	 20.0835705	-155.5748758                                                                                                          
HI	15001022000	2588	1024	1202195033	20971057	     464.170	       8.097	 19.8097670	-155.5061027                                                                                                         
HI	15001022102	2041	853	824116441	17387715	     318.193	       6.713	 19.6175040	-155.4204305                                                                                                           
HI	15001990000	0	0	0	211892428	       0.000	      81.812	 19.2791047	-155.9403065                                                                                                                       
HI	15001990100	0	0	0	591851551	       0.000	     228.515	 19.0867371	-155.4996555                                                                                                                       
HI	15001990300	0	0	0	179692955	       0.000	      69.380	 19.3974596	-154.8803533                                                                                                                       
HI	15001990400	0	0	0	82869114	       0.000	      31.996	 19.5697492	-154.8363988                                                                                                                        
HI	15001990500	0	0	0	92036734	       0.000	      35.536	 19.6730875	-154.9435559                                                                                                                        
HI	15001990600	0	0	0	31903676	       0.000	      12.318	 19.7572944	-155.0001780                                                                                                                        
HI	15001990700	0	0	0	22253289	       0.000	       8.592	 19.7708683	-155.0400086                                                                                                                        
HI	15001990800	0	0	0	95614100	       0.000	      36.917	 19.8533542	-155.0675452                                                                                                                        
HI	15001990900	0	0	0	110082891	       0.000	      42.503	 19.9847004	-155.1792978                                                                                                                       
HI	15001991000	0	0	0	92233285	       0.000	      35.611	 20.0840256	-155.3479491                                                                                                                        
HI	15001991100	0	0	0	148416033	       0.000	      57.304	 20.1643729	-155.5647216                                                                                                                       
HI	15001991200	0	0	0	279752598	       0.000	     108.013	 20.2106279	-155.9268568                                                                                                                       
HI	15001991300	0	0	0	92534605	       0.000	      35.728	 19.9638008	-155.9063209                                                                                                                        
HI	15001991400	0	0	0	184056893	       0.000	      71.065	 19.6808528	-156.0709618                                                                                                                       
HI	15001991500	0	0	0	17908316	       0.000	       6.914	 19.6108531	-156.0201632                                                                                                                        
HI	15001991600	0	0	0	32566197	       0.000	      12.574	 19.5672694	-156.0012434                                                                                                                        
HI	15001991700	0	0	0	38661685	       0.000	      14.927	 19.5028831	-155.9858143                                                                                                                        
HI	15003000106	7704	3409	7900463	0	       3.050	       0.000	 21.3049586	-157.7078656                                                                                                                   
HI	15003000107	2818	981	2779750	236436	       1.073	       0.091	 21.3103703	-157.6894869                                                                                                               
HI	15003000108	3264	1356	930257	439590	       0.359	       0.170	 21.2884750	-157.7113750                                                                                                               
HI	15003000110	4288	1498	6620521	1030240	       2.556	       0.398	 21.2965608	-157.6651345                                                                                                             
HI	15003000111	5035	1618	2930335	78646	       1.131	       0.030	 21.3025961	-157.6845226                                                                                                               
HI	15003000112	5555	2105	1659952	334346	       0.641	       0.129	 21.2854750	-157.6940353                                                                                                              
HI	15003000114	1594	624	1230108	705310	       0.475	       0.272	 21.2709642	-157.7087561                                                                                                               
HI	15003000200	5742	1970	10038412	666877	       3.876	       0.257	 21.3019884	-157.7310630                                                                                                             
HI	15003000301	3307	1200	8450886	0	       3.263	       0.000	 21.3048240	-157.7501613                                                                                                                   
HI	15003000302	2990	1074	1949004	546862	       0.753	       0.211	 21.2816055	-157.7533040                                                                                                              
HI	15003000401	2893	1057	6181864	0	       2.387	       0.000	 21.3017448	-157.7704840                                                                                                                   
HI	15003000402	3999	1461	2981726	0	       1.151	       0.000	 21.2855274	-157.7658243                                                                                                                   
HI	15003000500	3807	1695	2902171	1030320	       1.121	       0.398	 21.2710955	-157.7806069                                                                                                             
HI	15003000600	1218	559	3089859	862820	       1.193	       0.333	 21.2629690	-157.8057805                                                                                                               
HI	15003000700	2966	1059	968545	0	       0.374	       0.000	 21.2713284	-157.7927081                                                                                                                    
HI	15003000800	3771	1321	1122048	0	       0.433	       0.000	 21.2750339	-157.7983433                                                                                                                   
HI	15003000901	2736	1333	839539	0	       0.324	       0.000	 21.2873951	-157.7845494                                                                                                                    
HI	15003000902	4088	1566	1489841	0	       0.575	       0.000	 21.2908883	-157.7900467                                                                                                                   
HI	15003000903	2858	1110	618168	0	       0.239	       0.000	 21.2827140	-157.7936692                                                                                                                    
HI	15003001000	3096	1089	8409616	0	       3.247	       0.000	 21.3176504	-157.7779896                                                                                                                   
HI	15003001100	3862	1164	825914	0	       0.319	       0.000	 21.3018484	-157.7934220                                                                                                                    
HI	15003001201	2924	1145	533270	0	       0.206	       0.000	 21.2874487	-157.8018342                                                                                                                    
HI	15003001202	3030	1062	521855	0	       0.201	       0.000	 21.2932639	-157.7997773                                                                                                                    
HI	15003001300	4207	1596	927879	0	       0.358	       0.000	 21.2833643	-157.8058753                                                                                                                    
HI	15003001400	2550	916	504677	0	       0.195	       0.000	 21.2772150	-157.8062104                                                                                                                     
HI	15003001500	3527	1324	561187	0	       0.217	       0.000	 21.2783239	-157.8112737                                                                                                                    
HI	15003001600	3783	1419	619024	0	       0.239	       0.000	 21.2719091	-157.8110186                                                                                                                    
HI	15003001700	2437	1699	1379211	1263788	       0.533	       0.488	 21.2659016	-157.8190416                                                                                                             
HI	15003001801	1717	1358	168761	0	       0.065	       0.000	 21.2743422	-157.8229992                                                                                                                    
HI	15003001803	3360	2295	107215	22289	       0.041	       0.009	 21.2773646	-157.8218206                                                                                                                
HI	15003001804	1849	1248	146043	0	       0.056	       0.000	 21.2741100	-157.8193138                                                                                                                    
HI	15003001901	837	2516	850244	891140	       0.328	       0.344	 21.2804165	-157.8349054                                                                                                                
HI	15003001903	2770	1987	92417	11753	       0.036	       0.005	 21.2875038	-157.8353766                                                                                                                 
HI	15003001904	3912	3092	115378	0	       0.045	       0.000	 21.2863160	-157.8375250                                                                                                                    
HI	15003002003	2477	1888	143947	0	       0.056	       0.000	 21.2804041	-157.8271589                                                                                                                    
HI	15003002004	1398	1021	129545	26306	       0.050	       0.010	 21.2794137	-157.8246574                                                                                                                
HI	15003002005	2389	1656	103181	19030	       0.040	       0.007	 21.2863555	-157.8324098                                                                                                                
HI	15003002006	2364	1760	147624	13024	       0.057	       0.005	 21.2834566	-157.8292945                                                                                                                
HI	15003002100	3864	1768	1115806	58990	       0.431	       0.023	 21.2799196	-157.8189501                                                                                                               
HI	15003002201	3684	1789	268861	3166	       0.104	       0.001	 21.2855060	-157.8217943                                                                                                                 
HI	15003002202	3400	1864	238415	41309	       0.092	       0.016	 21.2862994	-157.8286296                                                                                                                
HI	15003002300	5523	2779	365456	164	       0.141	       0.000	 21.2897230	-157.8218545                                                                                                                  
HI	15003002401	3096	1459	169230	0	       0.065	       0.000	 21.2896670	-157.8289810                                                                                                                    
HI	15003002402	3228	1681	258416	0	       0.100	       0.000	 21.2921680	-157.8275536                                                                                                                    
HI	15003002500	3915	2172	424185	5298	       0.164	       0.002	 21.2934985	-157.8350967                                                                                                                 
HI	15003002600	4249	2077	665743	0	       0.257	       0.000	 21.2956144	-157.8275721                                                                                                                    
HI	15003002701	5093	734	1495804	0	       0.578	       0.000	 21.2978056	-157.8159825                                                                                                                    
HI	15003002702	5057	2192	1030910	0	       0.398	       0.000	 21.3009260	-157.8262965                                                                                                                   
HI	15003002800	3678	1471	2304905	0	       0.890	       0.000	 21.2997643	-157.8029333                                                                                                                   
HI	15003002900	2415	898	1175457	0	       0.454	       0.000	 21.3060087	-157.8078062                                                                                                                    
HI	15003003000	4321	1642	1489708	0	       0.575	       0.000	 21.3091350	-157.8195399                                                                                                                   
HI	15003003101	3687	1386	5384341	0	       2.079	       0.000	 21.3256902	-157.7939078                                                                                                                   
HI	15003003102	3335	1192	3894343	0	       1.504	       0.000	 21.3344623	-157.8013280                                                                                                                   
HI	15003003200	833	345	5460131	0	       2.108	       0.000	 21.3228700	-157.8196056                                                                                                                     
HI	15003003300	1132	405	595668	0	       0.230	       0.000	 21.3120630	-157.8349602                                                                                                                     
HI	15003003403	5530	3035	347272	0	       0.134	       0.000	 21.3072795	-157.8442803                                                                                                                    
HI	15003003404	4716	2398	263248	0	       0.102	       0.000	 21.3074683	-157.8373258                                                                                                                    
HI	15003003405	3250	1924	174857	0	       0.068	       0.000	 21.3051376	-157.8331515                                                                                                                    
HI	15003003406	5777	2997	242660	0	       0.094	       0.000	 21.3045927	-157.8402496                                                                                                                    
HI	15003003407	913	563	122006	0	       0.047	       0.000	 21.3027760	-157.8352968                                                                                                                      
HI	15003003501	2282	1353	297641	0	       0.115	       0.000	 21.3027236	-157.8463042                                                                                                                    
HI	15003003502	3876	2180	420026	0	       0.162	       0.000	 21.3003284	-157.8389714                                                                                                                    
HI	15003003601	4109	2153	378512	0	       0.146	       0.000	 21.2968596	-157.8440465                                                                                                                    
HI	15003003603	2807	1775	161675	0	       0.062	       0.000	 21.2961330	-157.8388875                                                                                                                    
HI	15003003604	2519	1532	189131	0	       0.073	       0.000	 21.2929933	-157.8391100                                                                                                                    
HI	15003003700	5579	3659	1733211	964021	       0.669	       0.372	 21.2901816	-157.8485437                                                                                                              
HI	15003003800	3970	2260	1167890	374454	       0.451	       0.145	 21.2958877	-157.8584565                                                                                                              
HI	15003003900	655	242	1002146	419132	       0.387	       0.162	 21.2997958	-157.8655029                                                                                                                
HI	15003004000	1552	941	296871	0	       0.115	       0.000	 21.3089083	-157.8612853                                                                                                                     
HI	15003004100	4504	2396	673110	0	       0.260	       0.000	 21.3076849	-157.8525750                                                                                                                    
HI	15003004200	3432	1967	259194	0	       0.100	       0.000	 21.3130534	-157.8565207                                                                                                                    
HI	15003004300	5591	2487	1328268	0	       0.513	       0.000	 21.3139888	-157.8475371                                                                                                                   
HI	15003004400	5165	1663	3739177	0	       1.444	       0.000	 21.3294098	-157.8280211                                                                                                                   
HI	15003004500	5145	2272	7732472	222694	       2.986	       0.086	 21.3497307	-157.8077660                                                                                                              
HI	15003004600	3735	1257	6816705	15431	       2.632	       0.006	 21.3554804	-157.8216627                                                                                                               
HI	15003004700	4553	1615	1403356	0	       0.542	       0.000	 21.3324682	-157.8520579                                                                                                                   
HI	15003004800	6707	1756	3490445	0	       1.348	       0.000	 21.3418362	-157.8535508                                                                                                                   
HI	15003004900	3198	1013	411410	0	       0.159	       0.000	 21.3258199	-157.8585225                                                                                                                    
HI	15003005000	4049	1639	548194	0	       0.212	       0.000	 21.3216906	-157.8550261                                                                                                                    
HI	15003005100	3090	1586	190466	0	       0.074	       0.000	 21.3152599	-157.8588744                                                                                                                    
HI	15003005200	3293	1595	170556	35339	       0.066	       0.014	 21.3123880	-157.8634655                                                                                                                
HI	15003005300	3636	1544	349401	0	       0.135	       0.000	 21.3176001	-157.8613911                                                                                                                    
HI	15003005400	1637	412	82626	0	       0.032	       0.000	 21.3199564	-157.8641037                                                                                                                      
HI	15003005500	2078	640	215743	0	       0.083	       0.000	 21.3223499	-157.8632162                                                                                                                     
HI	15003005600	6749	1909	933403	10720	       0.360	       0.004	 21.3299675	-157.8677710                                                                                                                
HI	15003005700	2148	935	3996525	1945768	       1.543	       0.751	 21.3092671	-157.8767084                                                                                                              
HI	15003005800	3440	1040	509556	0	       0.197	       0.000	 21.3263191	-157.8767813                                                                                                                    
HI	15003005900	3353	687	2141041	481037	       0.827	       0.186	 21.3235359	-157.8871691                                                                                                               
HI	15003006000	5421	1336	716322	0	       0.277	       0.000	 21.3324218	-157.8823479                                                                                                                    
HI	15003006100	4175	864	478237	0	       0.185	       0.000	 21.3349014	-157.8746302                                                                                                                     
HI	15003006201	6047	1536	545851	0	       0.211	       0.000	 21.3389377	-157.8791746                                                                                                                    
HI	15003006202	1701	406	86562	0	       0.033	       0.000	 21.3388931	-157.8754934                                                                                                                      
HI	15003006301	3773	894	778000	0	       0.300	       0.000	 21.3448555	-157.8700245                                                                                                                     
HI	15003006302	2720	593	656447	0	       0.253	       0.000	 21.3494140	-157.8674324                                                                                                                     
HI	15003006401	2059	406	202601	0	       0.078	       0.000	 21.3395252	-157.8696043                                                                                                                     
HI	15003006402	6387	1493	2532542	0	       0.978	       0.000	 21.3526930	-157.8458252                                                                                                                   
HI	15003006500	4541	1083	9692148	0	       3.742	       0.000	 21.3673799	-157.8352858                                                                                                                   
HI	15003006600	374	113	4968385	3133	       1.918	       0.001	 21.3593438	-157.8651862                                                                                                                  
HI	15003006701	5830	1940	19749591	0	       7.625	       0.000	 21.3758854	-157.8630002                                                                                                                  
HI	15003006702	1989	872	306056	0	       0.118	       0.000	 21.3671026	-157.9010155                                                                                                                     
HI	15003006802	6842	1554	718725	0	       0.278	       0.000	 21.3521379	-157.9219513                                                                                                                    
HI	15003006804	2835	774	1862678	0	       0.719	       0.000	 21.3605419	-157.9118627                                                                                                                    
HI	15003006805	6167	2621	2467162	12390	       0.953	       0.005	 21.3537487	-157.9044239                                                                                                               
HI	15003006806	1704	565	482764	0	       0.186	       0.000	 21.3489505	-157.9154368                                                                                                                     
HI	15003006808	4423	2085	165328	0	       0.064	       0.000	 21.3457540	-157.9099448                                                                                                                    
HI	15003006809	5040	2008	165772	0	       0.064	       0.000	 21.3445684	-157.9082709                                                                                                                    
HI	15003006900	3823	989	1116382	0	       0.431	       0.000	 21.3400314	-157.9064483                                                                                                                    
HI	15003007000	4041	1359	2874771	0	       1.110	       0.000	 21.3446151	-157.9256028                                                                                                                   
HI	15003007100	2713	736	1242916	0	       0.480	       0.000	 21.3387003	-157.9353498                                                                                                                    
HI	15003007302	3866	1590	2794865	482426	       1.079	       0.186	 21.3392130	-157.9582826                                                                                                              
HI	15003007303	341	27	7838529	3576664	       3.026	       1.381	 21.3234533	-157.9531329                                                                                                                
HI	15003007400	3981	896	7234626	5196421	       2.793	       2.006	 21.3583891	-157.9482114                                                                                                              
HI	15003007502	1376	99	20103286	0	       7.762	       0.000	 21.3944240	-157.8754797                                                                                                                    
HI	15003007503	5160	1652	2405743	0	       0.929	       0.000	 21.3789022	-157.9164239                                                                                                                   
HI	15003007504	3171	850	1093350	0	       0.422	       0.000	 21.3698550	-157.9307699                                                                                                                    
HI	15003007505	5338	1765	1562897	0	       0.603	       0.000	 21.3661993	-157.9220237                                                                                                                   
HI	15003007506	933	347	399075	0	       0.154	       0.000	 21.3669489	-157.9102024                                                                                                                      
HI	15003007701	4240	1189	1264882	1188812	       0.488	       0.459	 21.3770565	-157.9386854                                                                                                             
HI	15003007702	5098	1687	6222757	0	       2.403	       0.000	 21.3983617	-157.9009867                                                                                                                   
HI	15003007804	1907	606	459216	0	       0.177	       0.000	 21.4010925	-157.9579486                                                                                                                     
HI	15003007805	5136	1739	1265763	0	       0.489	       0.000	 21.3969294	-157.9530123                                                                                                                   
HI	15003007807	5405	2903	356832	0	       0.138	       0.000	 21.3869586	-157.9402439                                                                                                                    
HI	15003007808	3346	1111	1101752	824634	       0.425	       0.318	 21.3834857	-157.9492520                                                                                                              
HI	15003007809	3377	1161	2462100	0	       0.951	       0.000	 21.4017860	-157.9319553                                                                                                                   
HI	15003007810	5450	1956	21424754	0	       8.272	       0.000	 21.4224597	-157.9114462                                                                                                                  
HI	15003007811	4990	1846	11929318	0	       4.606	       0.000	 21.4105259	-157.8934662                                                                                                                  
HI	15003008001	2005	695	1093972	819898	       0.422	       0.317	 21.3872541	-157.9567343                                                                                                               
HI	15003008002	2837	844	1257293	0	       0.485	       0.000	 21.3901580	-157.9535860                                                                                                                    
HI	15003008003	4668	1763	1456987	0	       0.563	       0.000	 21.3999884	-157.9755103                                                                                                                   
HI	15003008005	6864	2071	13237538	0	       5.111	       0.000	 21.4363241	-157.9217040                                                                                                                  
HI	15003008006	4858	1494	2070803	0	       0.800	       0.000	 21.4099873	-157.9700211                                                                                                                   
HI	15003008007	5306	1656	1499409	0	       0.579	       0.000	 21.4073482	-157.9597671                                                                                                                   
HI	15003008301	4661	1458	14922103	2363928	       5.761	       0.913	 21.3374101	-157.9903353                                                                                                            
HI	15003008302	6749	1418	1533438	0	       0.592	       0.000	 21.3211468	-158.0044202                                                                                                                   
HI	15003008402	8206	2072	1589262	509997	       0.614	       0.197	 21.3103317	-158.0181915                                                                                                              
HI	15003008405	4664	1254	1062876	0	       0.410	       0.000	 21.3421362	-158.0219770                                                                                                                   
HI	15003008406	5997	1661	2260716	0	       0.873	       0.000	 21.3303641	-158.0126242                                                                                                                   
HI	15003008407	3325	1136	731217	0	       0.282	       0.000	 21.3163398	-158.0178184                                                                                                                    
HI	15003008408	4728	1694	4017563	293211	       1.551	       0.113	 21.3106615	-158.0363812                                                                                                              
HI	15003008410	2346	715	1887657	0	       0.729	       0.000	 21.3263977	-158.0286630                                                                                                                    
HI	15003008411	3448	1188	1314241	0	       0.507	       0.000	 21.3332962	-158.0331571                                                                                                                   
HI	15003008412	6543	2523	653039	0	       0.252	       0.000	 21.3402539	-158.0296064                                                                                                                    
HI	15003008502	2136	539	19775314	1720917	       7.635	       0.664	 21.3148743	-158.0739124                                                                                                             
HI	15003008606	9693	2895	5946907	0	       2.296	       0.000	 21.3474880	-158.0613234                                                                                                                   
HI	15003008609	2066	766	2738303	0	       1.057	       0.000	 21.3350232	-158.1039249                                                                                                                    
HI	15003008610	1051	980	2153585	2036796	       0.832	       0.786	 21.3367952	-158.1227708                                                                                                              
HI	15003008611	84	38	12951951	1573469	       5.001	       0.608	 21.3542357	-158.1085381                                                                                                                
HI	15003008612	6017	2048	5149047	0	       1.988	       0.000	 21.3728743	-158.0988629                                                                                                                   
HI	15003008613	904	250	283291	0	       0.109	       0.000	 21.3493646	-158.0913758                                                                                                                      
HI	15003008614	8232	2667	75445625	10282	      29.130	       0.004	 21.4287447	-158.0753794                                                                                                              
HI	15003008617	9364	2492	4033097	0	       1.557	       0.000	 21.3457756	-158.0351658                                                                                                                   
HI	15003008622	4068	1063	2549794	0	       0.984	       0.000	 21.3407028	-158.0883469                                                                                                                   
HI	15003008701	8787	1921	2814810	0	       1.087	       0.000	 21.3910639	-157.9900188                                                                                                                   
HI	15003008702	5593	1667	1074306	0	       0.415	       0.000	 21.3850622	-158.0053018                                                                                                                   
HI	15003008703	6837	1731	2263865	1529652	       0.874	       0.591	 21.3722473	-158.0179010                                                                                                             
HI	15003008800	8054	1705	1480372	0	       0.572	       0.000	 21.3907948	-158.0103535                                                                                                                   
HI	15003008906	3771	1389	1650812	0	       0.637	       0.000	 21.4525702	-158.0210343                                                                                                                   
HI	15003008907	4232	1331	1338855	0	       0.517	       0.000	 21.4581962	-158.0118152                                                                                                                   
HI	15003008908	5837	1889	4803685	7386	       1.855	       0.003	 21.4327482	-158.0244563                                                                                                                
HI	15003008909	3806	1306	1004314	0	       0.388	       0.000	 21.4399036	-158.0179708                                                                                                                   
HI	15003008912	2570	501	497149	0	       0.192	       0.000	 21.3962868	-157.9999652                                                                                                                     
HI	15003008913	4116	855	833325	0	       0.322	       0.000	 21.3845901	-158.0248313                                                                                                                     
HI	15003008914	5098	1290	551078	0	       0.213	       0.000	 21.3806330	-158.0218412                                                                                                                    
HI	15003008915	5236	1928	2595172	0	       1.002	       0.000	 21.4688582	-158.0173138                                                                                                                   
HI	15003008917	4554	1560	1985609	0	       0.767	       0.000	 21.4560419	-158.0032095                                                                                                                   
HI	15003008918	5429	1797	2346671	0	       0.906	       0.000	 21.4420257	-158.0075640                                                                                                                   
HI	15003008920	4296	1624	4919013	0	       1.899	       0.000	 21.4338453	-157.9987667                                                                                                                   
HI	15003008921	2668	596	889018	0	       0.343	       0.000	 21.4041623	-157.9915952                                                                                                                     
HI	15003008922	7479	2940	4715001	0	       1.820	       0.000	 21.4061151	-158.0075662                                                                                                                   
HI	15003008923	4737	1863	897236	0	       0.346	       0.000	 21.4150599	-157.9996545                                                                                                                    
HI	15003008924	7623	2086	23072758	8283	       8.908	       0.003	 21.4316700	-158.0394905                                                                                                               
HI	15003008925	6902	2010	1495234	0	       0.577	       0.000	 21.3916609	-158.0302724                                                                                                                   
HI	15003008926	1572	713	2292471	0	       0.885	       0.000	 21.4819826	-158.0072499                                                                                                                    
HI	15003008927	5180	1789	1107774	0	       0.428	       0.000	 21.4767270	-158.0046975                                                                                                                   
HI	15003008928	3884	1157	1277731	0	       0.493	       0.000	 21.4801226	-157.9899108                                                                                                                   
HI	15003008929	4836	2041	1355176	0	       0.523	       0.000	 21.4723996	-157.9986654                                                                                                                   
HI	15003008930	2560	850	1038695	0	       0.401	       0.000	 21.4661068	-157.9954164                                                                                                                    
HI	15003008931	3310	833	71977667	0	      27.791	       0.000	 21.4609041	-157.9445948                                                                                                                   
HI	15003009000	1634	593	5992322	0	       2.314	       0.000	 21.4755488	-158.0352202                                                                                                                    
HI	15003009100	5332	1250	32962641	205522	      12.727	       0.079	 21.5190049	-157.9540927                                                                                                             
HI	15003009200	7963	2576	3514103	42299	       1.357	       0.016	 21.5052158	-158.0070222                                                                                                               
HI	15003009300	4762	1634	1191119	57484	       0.460	       0.022	 21.4996593	-158.0234610                                                                                                               
HI	15003009400	5155	1958	1184058	581841	       0.457	       0.225	 21.4940357	-158.0369247                                                                                                              
HI	15003009501	4893	1316	1327628	0	       0.513	       0.000	 21.4883855	-158.0682918                                                                                                                   
HI	15003009502	4243	1231	1457177	0	       0.563	       0.000	 21.4957262	-158.0699628                                                                                                                   
HI	15003009503	3403	239	1808549	0	       0.698	       0.000	 21.4885104	-158.0544447                                                                                                                    
HI	15003009504	1271	408	820331	4701	       0.317	       0.002	 21.4917483	-158.0491955                                                                                                                  
HI	15003009507	2560	826	1755382	0	       0.678	       0.000	 21.5016642	-158.0637886                                                                                                                    
HI	15003009603	10289	2691	6862230	2833739	       2.650	       1.094	 21.4128797	-158.1702742                                                                                                            
HI	15003009608	5682	1427	45559306	5713163	      17.591	       2.206	 21.4371715	-158.1337842                                                                                                            
HI	15003009701	6635	1948	19840968	4195469	       7.661	       1.620	 21.4638672	-158.1818001                                                                                                            
HI	15003009703	6227	1574	5003194	1648067	       1.932	       0.636	 21.4466390	-158.1754562                                                                                                             
HI	15003009704	3066	737	5884742	519	       2.272	       0.000	 21.4442621	-158.1617189                                                                                                                  
HI	15003009801	2834	1563	54389222	12028210	      21.000	       4.644	 21.5087170	-158.2161260                                                                                                           
HI	15003009802	6386	1878	2652479	5205271	       1.024	       2.010	 21.4676746	-158.2163893                                                                                                             
HI	15003009902	3740	1231	3914129	1076744	       1.511	       0.416	 21.5800035	-158.1134741                                                                                                             
HI	15003009904	5986	2214	90993385	8416282	      35.133	       3.250	 21.5636399	-158.1851505                                                                                                            
HI	15003010000	3320	1309	189879937	4509574	      73.313	       1.741	 21.5801775	-158.0500391                                                                                                           
HI	15003010100	7881	3150	78235368	18556091	      30.207	       7.165	 21.6586920	-157.9787916                                                                                                           
HI	15003010201	5882	2098	66230671	7275069	      25.572	       2.809	 21.5577501	-157.9053957                                                                                                            
HI	15003010202	7643	1560	33339309	6697138	      12.872	       2.586	 21.6184789	-157.9439532                                                                                                            
HI	15003010303	4766	1450	41665884	5607755	      16.087	       2.165	 21.4829588	-157.8622677                                                                                                            
HI	15003010305	5063	1544	4007118	6583294	       1.547	       2.542	 21.4525539	-157.8240547                                                                                                             
HI	15003010306	6369	2181	13290760	182966	       5.132	       0.071	 21.4278358	-157.8293698                                                                                                             
HI	15003010308	3319	1042	8534907	0	       3.295	       0.000	 21.3995178	-157.8140395                                                                                                                   
HI	15003010503	1980	571	1379671	0	       0.533	       0.000	 21.4093908	-157.8094102                                                                                                                    
HI	15003010504	5115	1468	1266837	334296	       0.489	       0.129	 21.4163756	-157.7908788                                                                                                              
HI	15003010505	3531	1122	2068655	3517130	       0.799	       1.358	 21.4306125	-157.8059817                                                                                                             
HI	15003010507	5421	1896	1505098	0	       0.581	       0.000	 21.4125227	-157.8138835                                                                                                                   
HI	15003010508	2569	1147	803623	935124	       0.310	       0.361	 21.4231193	-157.7915698                                                                                                               
HI	15003010601	3422	1110	1162560	132618	       0.449	       0.051	 21.4088225	-157.7937990                                                                                                              
HI	15003010602	5449	1684	2007411	0	       0.775	       0.000	 21.3957088	-157.7978397                                                                                                                   
HI	15003010701	3661	1410	3103104	1738824	       1.198	       0.671	 21.4122095	-157.7717393                                                                                                             
HI	15003010702	3666	1226	4146366	0	       1.601	       0.000	 21.3950637	-157.7843409                                                                                                                   
HI	15003010801	2969	588	5679299	1975329	       2.193	       0.763	 21.4483845	-157.7625476                                                                                                              
HI	15003010802	6548	1620	5755462	2711352	       2.222	       1.047	 21.4468205	-157.7367528                                                                                                             
HI	15003010901	3140	1033	3235747	0	       1.249	       0.000	 21.4183735	-157.7553880                                                                                                                   
HI	15003010903	4133	1425	821690	0	       0.317	       0.000	 21.4003681	-157.7502184                                                                                                                    
HI	15003010904	3570	1114	965740	0	       0.373	       0.000	 21.4091188	-157.7485930                                                                                                                    
HI	15003010905	2513	943	548323	0	       0.212	       0.000	 21.3993192	-157.7439093                                                                                                                     
HI	15003011000	4151	1179	25079392	0	       9.683	       0.000	 21.3626230	-157.7667274                                                                                                                  
HI	15003011103	3796	1223	2906024	0	       1.122	       0.000	 21.3786128	-157.7431919                                                                                                                   
HI	15003011104	4860	1551	1644117	349012	       0.635	       0.135	 21.3817915	-157.7399340                                                                                                              
HI	15003011105	3205	1479	1087981	26561	       0.420	       0.010	 21.3932500	-157.7354605                                                                                                               
HI	15003011106	5924	1926	3827239	30220	       1.478	       0.012	 21.3768727	-157.7273386                                                                                                               
HI	15003011201	4380	1715	2451899	1235016	       0.947	       0.477	 21.4141596	-157.7446824                                                                                                             
HI	15003011202	1609	752	1328705	3484264	       0.513	       1.345	 21.3898886	-157.7140581                                                                                                              
HI	15003011300	5451	1379	15147127	9922	       5.848	       0.004	 21.3393228	-157.7328146                                                                                                               
HI	15003011400	5372	653	10339811	6767357	       3.992	       2.613	 21.3739240	-157.9882892                                                                                                             
HI	15003011500	5493	1448	4483623	0	       1.731	       0.000	 21.3311358	-158.0719348                                                                                                                   
HI	15003940001	4551	1106	7761530	4706344	       2.997	       1.817	 21.3252520	-157.6842639                                                                                                             
HI	15003940002	7400	1558	17671439	3697716	       6.823	       1.428	 21.3934564	-158.1323415                                                                                                            
HI	15003980000	5	1	4989905	2286839	       1.927	       0.883	 21.2841232	-157.6844835                                                                                                                   
HI	15003980200	704	0	9021829	3416307	       3.483	       1.319	 21.3137233	-157.9226277                                                                                                                 
HI	15003980300	0	0	5796983	2519489	       2.238	       0.973	 21.3071048	-158.1094629                                                                                                                   
HI	15003980600	0	0	30225793	0	      11.670	       0.000	 21.4958764	-158.1072207                                                                                                                        
HI	15003980700	0	0	20497626	395266	       7.914	       0.153	 21.4996922	-157.9506317                                                                                                                   
HI	15003980800	1	1	1939688	0	       0.749	       0.000	 21.3852772	-157.8036851                                                                                                                         
HI	15003981000	13	3	3531851	0	       1.364	       0.000	 21.3936115	-157.7585720                                                                                                                        
HI	15003981100	19	6	5973666	526215	       2.306	       0.203	 21.3710415	-157.7117970                                                                                                                   
HI	15003981200	0	0	8032323	2552649621	       3.101	     985.584	 27.7845986	-175.8600409                                                                                                                
HI	15003981300	8	3	1126999	2714	       0.435	       0.001	 21.3409596	-157.8978594                                                                                                                      
HI	15003981400	97	18	1586676	4565993	       0.613	       1.763	 21.3226396	-157.9059542                                                                                                                 
HI	15003990001	0	0	0	1231411673	       0.000	     475.451	 21.4106475	-157.6907079                                                                                                                      
HI	15005031900	90	113	31057797	14125746	      11.991	       5.454	 21.1706424	-156.9586413                                                                                                              
HI	15005990000	0	0	0	91643766	       0.000	      35.384	 21.2292425	-156.9552288                                                                                                                        
HI	15007040103	6484	4204	115768528	12377656	      44.698	       4.779	 22.1712789	-159.4323995                                                                                                          
HI	15007040104	1344	862	202693192	14765953	      78.260	       5.701	 22.1312438	-159.5209607                                                                                                           
HI	15007040204	5047	2042	20395078	243535	       7.875	       0.094	 22.0778737	-159.3839330                                                                                                             
HI	15007040205	3845	2084	15721761	1329504	       6.070	       0.513	 22.0604801	-159.3399245                                                                                                            
HI	15007040300	8385	3579	9288631	2310720	       3.586	       0.892	 22.0900443	-159.3302996                                                                                                             
HI	15007040400	8740	2876	204108395	9525278	      78.807	       3.678	 22.0085064	-159.4178808                                                                                                           
HI	15007040500	5943	2420	15928518	3831410	       6.150	       1.479	 21.9808570	-159.3390180                                                                                                            
HI	15007040603	2544	1929	41062637	7041509	      15.854	       2.719	 21.9182180	-159.4247689                                                                                                            
HI	15007040604	3139	1499	21889403	2377457	       8.452	       0.918	 21.9016705	-159.4804662                                                                                                            
HI	15007040700	8403	3213	93027604	5658875	      35.918	       2.185	 21.9399739	-159.5303697                                                                                                            
HI	15007040800	3771	1328	313985738	6422371	     121.231	       2.480	 22.0173371	-159.6209314                                                                                                           
HI	15007040900	5561	2262	233837188	17338927	      90.285	       6.695	 22.0491776	-159.7088559                                                                                                          
HI	15007041200	170	35	175088041	44027755	      67.602	      16.999	 21.8949966	-160.1519135                                                                                                             
HI	15007940000	3715	1460	142883612	8104402	      55.168	       3.129	 22.1172873	-159.3775202                                                                                                           
HI	15007990100	0	0	0	901771970	       0.000	     348.176	 22.2313438	-159.4702514                                                                                                                       
HI	15007990200	0	0	0	520954701	       0.000	     201.142	 21.8612451	-160.2663346                                                                                                                       
HI	15007990300	0	0	0	116094378	       0.000	      44.824	 21.6564095	-160.5410719                                                                                                                       
HI	15009030100	2291	1135	554347047	25398380	     214.035	       9.806	 20.7109582	-156.0964687                                                                                                          
HI	15009030201	2453	1181	118113282	4116461	      45.604	       1.589	 20.8610908	-156.2460297                                                                                                           
HI	15009030202	7635	3151	36902715	6726395	      14.248	       2.597	 20.9180146	-156.3061036                                                                                                            
HI	15009030301	8013	3618	432303852	3194328	     166.913	       1.233	 20.7006288	-156.3304199                                                                                                           
HI	15009030303	3567	3705	51056857	12922925	      19.713	       4.990	 20.6694510	-156.4335819                                                                                                           
HI	15009030402	8652	3299	46238530	109240	      17.853	       0.042	 20.8258868	-156.3351190                                                                                                             
HI	15009030403	3269	1324	18818100	0	       7.266	       0.000	 20.8308671	-156.2956382                                                                                                                  
HI	15009030404	5609	2037	27238071	157507	      10.517	       0.061	 20.8756570	-156.3354647                                                                                                             
HI	15009030501	2689	1058	19846820	5193399	       7.663	       2.005	 20.9146784	-156.3634287                                                                                                            
HI	15009030705	3791	1215	50176116	129609	      19.373	       0.050	 20.8040724	-156.4408305                                                                                                             
HI	15009030706	2448	1231	1571844	1536511	       0.607	       0.593	 20.7925599	-156.4783891                                                                                                             
HI	15009030707	8009	4410	3052944	2306240	       1.179	       0.890	 20.7599781	-156.4588735                                                                                                             
HI	15009030708	2909	1311	3539674	1092443	       1.367	       0.422	 20.7434118	-156.4493023                                                                                                             
HI	15009030709	3727	3828	2387802	1224208	       0.922	       0.473	 20.7245758	-156.4451151                                                                                                             
HI	15009030710	2441	2359	1272124	979717	       0.491	       0.378	 20.7080716	-156.4458008                                                                                                              
HI	15009030800	6907	2198	142123110	11789441	      54.874	       4.552	 20.9116314	-156.5551000                                                                                                          
HI	15009030901	2617	1130	1015033	0	       0.392	       0.000	 20.8894376	-156.5051723                                                                                                                   
HI	15009030902	3205	1266	1309045	313246	       0.505	       0.121	 20.9016733	-156.4887351                                                                                                              
HI	15009030903	6481	1735	2642314	778617	       1.020	       0.301	 20.9083287	-156.4940739                                                                                                              
HI	15009031000	8426	3500	9447247	5185	       3.648	       0.002	 20.8828590	-156.5070970                                                                                                                
HI	15009031101	8167	2366	6666526	86609	       2.574	       0.033	 20.8698665	-156.4879029                                                                                                               
HI	15009031102	5426	1717	1744120	0	       0.673	       0.000	 20.8826498	-156.4788134                                                                                                                   
HI	15009031103	7580	2120	3277316	0	       1.265	       0.000	 20.8688807	-156.4753109                                                                                                                   
HI	15009031402	3003	928	23257881	2070015	       8.980	       0.799	 20.8997498	-156.6428128                                                                                                             
HI	15009031404	3250	1701	1510982	1848885	       0.583	       0.714	 20.8720213	-156.6783795                                                                                                             
HI	15009031405	5491	1443	18744477	13211	       7.237	       0.005	 20.8776569	-156.6412086                                                                                                              
HI	15009031501	2368	1802	3496504	2963301	       1.350	       1.144	 21.0015062	-156.6599188                                                                                                             
HI	15009031502	5036	3230	86630366	17991632	      33.448	       6.947	 20.9751521	-156.6261769                                                                                                           
HI	15009031503	2366	2516	38328412	3591886	      14.799	       1.387	 20.9284181	-156.6530944                                                                                                            
HI	15009031601	3135	1545	365360876	59344086	     141.067	      22.913	 20.8364824	-156.9273772                                                                                                          
HI	15009031700	4503	2159	318148248	55564434	     122.838	      21.454	 21.1310836	-156.8363995                                                                                                          
HI	15009031801	2752	1443	325370766	59577315	     125.626	      23.003	 21.1737169	-157.1623534                                                                                                          
HI	15009031900	5624	1823	64947725	9076671	      25.076	       3.505	 20.8803657	-156.4261977                                                                                                            
HI	15009032000	994	895	111595775	10540739	      43.087	       4.070	 20.8074834	-156.5620997                                                                                                            
HI	15009980000	0	0	115843805	23382119	      44.728	       9.028	 20.5471426	-156.6092721                                                                                                                
HI	15009990000	0	0	0	753675367	       0.000	     290.996	 21.2444740	-157.0980401                                                                                                                       
HI	15009990200	0	0	0	1643042883	       0.000	     634.382	 20.6128423	-156.5486800                                                                                                                      
HI	15009991200	0	0	0	482573725	       0.000	     186.323	 20.9476085	-156.9795251                                                                                                                       
