ME	23001010100	1714	1021	880808	168954	       0.340	       0.065	 44.0911582	 -70.2284453                                                                                                               
ME	23001010200	4603	2246	43955247	12202501	      16.971	       4.711	 44.1582621	 -70.2522312                                                                                                           
ME	23001010300	2468	1237	1204261	1250	       0.465	       0.000	 44.0997019	 -70.2342610                                                                                                                
ME	23001010400	2119	898	2256305	20429	       0.871	       0.008	 44.0852185	 -70.2442931                                                                                                                
ME	23001010500	2030	1024	778737	92988	       0.301	       0.036	 44.0847676	 -70.2233939                                                                                                                
ME	23001010600	3047	1294	60497574	937847	      23.358	       0.362	 44.0304170	 -70.2323963                                                                                                             
ME	23001010700	3088	1387	29312483	472021	      11.318	       0.182	 44.0696191	 -70.2896961                                                                                                             
ME	23001010800	3986	1909	14778779	2705207	       5.706	       1.044	 44.1006929	 -70.2578283                                                                                                            
ME	23001020100	1577	867	712588	135022	       0.275	       0.052	 44.0946544	 -70.2183516                                                                                                                
ME	23001020200	1283	693	940798	227517	       0.363	       0.088	 44.1063256	 -70.2162485                                                                                                                
ME	23001020300	6683	3178	1574290	10199	       0.608	       0.004	 44.1019435	 -70.2021986                                                                                                               
ME	23001020400	3770	1606	1467337	88931	       0.567	       0.034	 44.0893429	 -70.2079971                                                                                                               
ME	23001020500	3713	1821	2912149	297731	       1.124	       0.115	 44.0847333	 -70.1988386                                                                                                              
ME	23001020600	2708	1230	26187744	819191	      10.111	       0.316	 44.0434699	 -70.1645417                                                                                                             
ME	23001020700	4891	2325	6152011	20677	       2.375	       0.008	 44.1054614	 -70.1839646                                                                                                               
ME	23001020800	7556	3270	37006733	850788	      14.288	       0.328	 44.1021747	 -70.1497087                                                                                                             
ME	23001020900	4411	1741	11485513	1145401	       4.435	       0.442	 44.1387836	 -70.1936111                                                                                                            
ME	23001030100	4624	2006	37689720	2097303	      14.552	       0.810	 44.0105197	 -70.1274704                                                                                                            
ME	23001030200	4385	1942	21418036	504387	       8.270	       0.195	 44.0366878	 -70.0587993                                                                                                             
ME	23001040000	3848	1548	99145260	1976266	      38.280	       0.763	 43.9646030	 -70.1265984                                                                                                            
ME	23001041000	5376	2679	109380785	12835640	      42.232	       4.956	 44.0481059	 -70.3935627                                                                                                          
ME	23001041500	5638	2355	105075972	893656	      40.570	       0.345	 44.1348507	 -70.3605060                                                                                                            
ME	23001042000	5734	2481	153471153	8970709	      59.256	       3.464	 44.2651065	 -70.2479796                                                                                                           
ME	23001043000	2095	1127	97435647	4596113	      37.620	       1.775	 44.4041269	 -70.2155602                                                                                                            
ME	23001044000	3187	1534	50974347	1916688	      19.681	       0.740	 44.4450033	 -70.1377153                                                                                                            
ME	23001045000	2326	1018	103735410	8701812	      40.052	       3.360	 44.2953505	 -70.1330740                                                                                                           
ME	23001046000	4350	1880	83594263	7536935	      32.276	       2.910	 44.1897541	 -70.1450885                                                                                                            
ME	23001046500	6492	2773	107902489	5384515	      41.661	       2.079	 44.1198628	 -70.0593578                                                                                                           
ME	23003950100	2596	2221	1630385640	87001186	     629.495	      33.591	 47.0126542	 -68.2407952                                                                                                         
ME	23003950200	2638	1446	177085781	4843224	      68.373	       1.870	 47.2104027	 -68.0652046                                                                                                           
ME	23003950300	4035	2398	143889185	1748968	      55.556	       0.675	 47.2932982	 -68.2518091                                                                                                           
ME	23003950400	1834	1011	150780313	15486607	      58.217	       5.979	 47.2552694	 -68.3704143                                                                                                          
ME	23003950600	4097	1922	140303759	2547170	      54.172	       0.983	 47.2353421	 -68.5657433                                                                                                           
ME	23003950700	2956	2477	7736404816	132489703	    2987.043	      51.155	 46.8948656	 -69.1319507                                                                                                        
ME	23003950900	2069	1506	578670229	17525782	     223.426	       6.767	 46.6432179	 -68.4290433                                                                                                          
ME	23003951000	3569	1673	368113533	2778892	     142.129	       1.073	 46.8426770	 -68.1810418                                                                                                           
ME	23003951100	2841	1288	279893027	3247604	     108.067	       1.254	 46.6740518	 -68.1447863                                                                                                           
ME	23003951200	2549	1244	41131642	64776	      15.881	       0.025	 46.8981581	 -68.0441246                                                                                                              
ME	23003951300	3386	1614	84642270	1157278	      32.681	       0.447	 46.9043027	 -67.9699873                                                                                                            
ME	23003951400	2254	1056	79505113	944186	      30.697	       0.365	 46.8109671	 -67.9926346                                                                                                             
ME	23003951600	2314	1011	104874356	775089	      40.492	       0.299	 46.9069200	 -67.8630059                                                                                                            
ME	23003951700	4783	2270	298832621	4937854	     115.380	       1.907	 46.7367210	 -67.8485955                                                                                                           
ME	23003951800	3693	1819	82239350	2437193	      31.753	       0.941	 46.7395261	 -67.9804902                                                                                                            
ME	23003951900	2937	1488	51882720	48017	      20.032	       0.019	 46.6648868	 -67.9624189                                                                                                              
ME	23003952000	3062	1301	62088301	2291552	      23.972	       0.885	 46.6379614	 -68.0064743                                                                                                            
ME	23003952100	2768	1287	243396680	423662	      93.976	       0.164	 46.5348314	 -67.8983711                                                                                                            
ME	23003952300	2652	1612	1838492809	29616777	     709.846	      11.435	 46.3868861	 -68.1523965                                                                                                         
ME	23003952400	3825	1754	45816505	0	      17.690	       0.000	 46.1408714	 -67.8109163                                                                                                                  
ME	23003952500	2298	1068	49251598	39040	      19.016	       0.015	 46.1408008	 -67.8834745                                                                                                              
ME	23003952600	3195	1965	502524356	8490526	     194.026	       3.278	 46.1160890	 -68.0142975                                                                                                           
ME	23003952700	2561	1656	692607220	17119797	     267.417	       6.610	 46.0489948	 -68.3069619                                                                                                          
ME	23003952900	2958	2442	1895852831	68639068	     731.993	      26.502	 45.8248605	 -68.1024043                                                                                                         
ME	23005000100	2346	1353	685156	201454	       0.265	       0.078	 43.6707847	 -70.2521357                                                                                                               
ME	23005000200	2349	1333	450317	272985	       0.174	       0.105	 43.6661624	 -70.2423254                                                                                                               
ME	23005000300	2625	1996	1568840	1299994	       0.606	       0.502	 43.6518552	 -70.2573309                                                                                                             
ME	23005000500	2420	993	893284	688855	       0.345	       0.266	 43.6681051	 -70.2590849                                                                                                                
ME	23005000600	3389	1618	627653	0	       0.242	       0.000	 43.6603569	 -70.2627370                                                                                                                    
ME	23005001000	2779	1694	476981	0	       0.184	       0.000	 43.6565174	 -70.2706941                                                                                                                    
ME	23005001100	2372	1625	336820	0	       0.130	       0.000	 43.6501349	 -70.2623977                                                                                                                    
ME	23005001200	1381	725	169386	0	       0.065	       0.000	 43.6486156	 -70.2669837                                                                                                                     
ME	23005001300	3321	1969	1251056	0	       0.483	       0.000	 43.6500353	 -70.2748976                                                                                                                   
ME	23005001500	3415	1826	1378491	328140	       0.532	       0.127	 43.6642042	 -70.2762835                                                                                                              
ME	23005001700	4390	1968	1944751	7580	       0.751	       0.003	 43.6639364	 -70.2960208                                                                                                                
ME	23005001800	3709	1981	2233876	871886	       0.863	       0.337	 43.6793987	 -70.2757451                                                                                                              
ME	23005001900	4220	2017	1675753	0	       0.647	       0.000	 43.6742649	 -70.2960794                                                                                                                   
ME	23005002001	3632	1440	3305994	32597	       1.276	       0.013	 43.6783196	 -70.3186504                                                                                                               
ME	23005002002	2777	1096	8261423	1096689	       3.190	       0.423	 43.6530344	 -70.3135228                                                                                                             
ME	23005002101	5917	2514	5087866	9146	       1.964	       0.004	 43.7066677	 -70.2861080                                                                                                                
ME	23005002102	5578	2258	9532042	244277	       3.680	       0.094	 43.6978667	 -70.3119329                                                                                                              
ME	23005002200	4916	2360	4637365	0	       1.790	       0.000	 43.6940650	 -70.2788657                                                                                                                   
ME	23005002300	3632	1624	2374737	981998	       0.917	       0.379	 43.6921647	 -70.2567292                                                                                                              
ME	23005002400	1256	1827	11979398	77053221	       4.625	      29.750	 43.6769364	 -70.1547563                                                                                                           
ME	23005002501	3366	1637	10657217	16079897	       4.115	       6.208	 43.7100994	 -70.2171366                                                                                                           
ME	23005002502	7819	3114	65426826	1955839	      25.261	       0.755	 43.7694076	 -70.2911504                                                                                                            
ME	23005002600	3976	1696	14261986	214161	       5.507	       0.083	 43.7180838	 -70.3455293                                                                                                             
ME	23005002700	4536	2047	12716004	131955	       4.910	       0.051	 43.7110610	 -70.3652165                                                                                                             
ME	23005002800	2907	1460	4387301	68063	       1.694	       0.026	 43.6749879	 -70.3401519                                                                                                               
ME	23005002900	6075	2786	12982023	129510	       5.012	       0.050	 43.6602806	 -70.3664166                                                                                                             
ME	23005003000	6499	2889	13809239	725204	       5.332	       0.280	 43.6359976	 -70.3237915                                                                                                             
ME	23005003100	3722	1740	2823023	1010859	       1.090	       0.390	 43.6333139	 -70.2700517                                                                                                             
ME	23005003200	3117	1748	1575973	725089	       0.608	       0.280	 43.6426028	 -70.2533743                                                                                                              
ME	23005003300	3102	1258	6263981	0	       2.419	       0.000	 43.6171647	 -70.2897952                                                                                                                   
ME	23005003400	4702	1934	4269335	38501	       1.648	       0.015	 43.6200415	 -70.2614033                                                                                                               
ME	23005003500	3860	1915	2300231	2751446	       0.888	       1.062	 43.6457028	 -70.2328217                                                                                                             
ME	23005003701	4044	1753	10187670	6123789	       3.933	       2.364	 43.6179494	 -70.2230549                                                                                                            
ME	23005003702	4971	2210	27875129	10482074	      10.763	       4.047	 43.5728545	 -70.2429698                                                                                                           
ME	23005004001	2892	1140	27559880	314011	      10.641	       0.121	 43.6588055	 -70.4142033                                                                                                             
ME	23005004002	7551	2577	34552685	62704	      13.341	       0.024	 43.6712940	 -70.4467635                                                                                                              
ME	23005004100	5938	2255	68982101	1348669	      26.634	       0.521	 43.7312844	 -70.4848656                                                                                                            
ME	23005004200	7552	3427	68460340	50337453	      26.433	      19.435	 43.7413685	 -70.1813696                                                                                                           
ME	23005004401	5071	2180	19059034	275048	       7.359	       0.106	 43.8126029	 -70.1865456                                                                                                             
ME	23005004402	3278	1639	15522987	24571598	       5.993	       9.487	 43.7727536	 -70.1334730                                                                                                           
ME	23005004501	3145	1233	39698050	192622	      15.328	       0.074	 43.8747965	 -70.1266222                                                                                                             
ME	23005004502	4734	2457	50185326	30279381	      19.377	      11.691	 43.8306361	 -70.0847639                                                                                                           
ME	23005004600	3565	1354	54965312	501695	      21.222	       0.194	 43.8509982	 -70.2341087                                                                                                             
ME	23005004701	1964	1338	30913215	6495839	      11.936	       2.508	 43.8819454	 -70.3789073                                                                                                            
ME	23005004702	5797	2503	81160936	552546	      31.336	       0.213	 43.8774071	 -70.3168171                                                                                                             
ME	23005004801	6583	3154	31166869	6094733	      12.034	       2.353	 43.8432070	 -70.4391426                                                                                                            
ME	23005004802	4673	1959	41245338	2209409	      15.925	       0.853	 43.7975949	 -70.3770756                                                                                                            
ME	23005004803	5745	2023	48167612	1002507	      18.598	       0.387	 43.7607182	 -70.4082386                                                                                                            
ME	23005011100	4249	2127	36908133	7497790	      14.250	       2.895	 43.8956034	 -69.9075178                                                                                                            
ME	23005011201	6661	3414	27350632	9493103	      10.560	       3.665	 43.8730765	 -69.9874605                                                                                                            
ME	23005011202	6879	3094	6707541	634965	       2.590	       0.245	 43.9103305	 -69.9543565                                                                                                              
ME	23005011300	2489	964	50055897	2070106	      19.327	       0.799	 43.9116172	 -70.0297625                                                                                                             
ME	23005011500	7016	2908	181252952	1804249	      69.982	       0.697	 43.9428465	 -70.2564610                                                                                                           
ME	23005012000	4436	2852	85945746	33732170	      33.184	      13.024	 43.9202445	 -70.4679977                                                                                                           
ME	23005013000	3742	2944	80917857	13177632	      31.243	       5.088	 43.9633845	 -70.5105170                                                                                                           
ME	23005014000	3872	3004	82417933	14052069	      31.822	       5.426	 43.9757686	 -70.6392975                                                                                                           
ME	23005015000	2730	1761	85951852	2169371	      33.186	       0.838	 44.1026980	 -70.6524373                                                                                                            
ME	23005016000	5210	4051	147086868	26488185	      56.791	      10.227	 44.0462407	 -70.7284236                                                                                                          
ME	23005016500	3244	2164	176319399	37016548	      68.077	      14.292	 43.8711078	 -70.6967538                                                                                                          
ME	23005017001	6268	2686	110132800	4473960	      42.523	       1.727	 43.7708737	 -70.5994793                                                                                                           
ME	23005017002	3611	2220	46217310	60132924	      17.845	      23.217	 43.8163468	 -70.5534681                                                                                                           
ME	23005017101	1982	1714	31465335	69784408	      12.149	      26.944	 43.7840557	 -70.0025466                                                                                                           
ME	23005017102	2758	2494	31178325	84722893	      12.038	      32.712	 43.7665993	 -69.9437164                                                                                                           
ME	23005017301	8320	3236	74561870	6296	      28.789	       0.002	 43.6059494	 -70.3978737                                                                                                               
ME	23005017303	4516	1896	19241935	9858	       7.429	       0.004	 43.5845917	 -70.3016684                                                                                                               
ME	23005017304	6083	3485	29504172	12967441	      11.392	       5.007	 43.5595675	 -70.3226550                                                                                                           
ME	23005990000	0	0	0	361952519	       0.000	     139.751	 43.6058367	 -70.0776892                                                                                                                       
ME	23007970101	2393	3227	647340627	1120743	     249.940	       0.433	 44.9872832	 -70.2853784                                                                                                           
ME	23007970102	933	1645	1531392028	28759497	     591.274	      11.104	 45.2624087	 -70.5980908                                                                                                          
ME	23007970601	1799	3251	402280484	60777746	     155.321	      23.466	 44.9580187	 -70.6971922                                                                                                          
ME	23007970602	2269	1959	781310681	11702863	     301.666	       4.519	 44.7827206	 -70.5181427                                                                                                          
ME	23007971000	3888	2430	442228964	7221887	     170.746	       2.788	 44.7651613	 -70.1915867                                                                                                           
ME	23007971100	2759	1479	213306971	5234110	      82.358	       2.021	 44.5871685	 -70.0591396                                                                                                           
ME	23007971200	7760	3441	144184408	398369	      55.670	       0.154	 44.6769364	 -70.1414832                                                                                                            
ME	23007971300	4116	2025	106862176	4046798	      41.260	       1.562	 44.6275620	 -70.2488445                                                                                                           
ME	23007971400	4851	2252	125290110	2130894	      48.375	       0.823	 44.5168965	 -70.2021867                                                                                                           
ME	23009965100	1981	2402	1942816744	157721233	     750.126	      60.897	 44.9044396	 -68.2275653                                                                                                        
ME	23009965200	2353	1998	166005090	22950490	      64.095	       8.861	 44.7009077	 -68.5578613                                                                                                          
ME	23009965300	4924	2551	133494888	12926982	      51.543	       4.991	 44.6353950	 -68.7564411                                                                                                          
ME	23009965400	2769	1762	137919322	20996407	      53.251	       8.107	 44.5681574	 -68.6946486                                                                                                          
ME	23009965503	3405	1728	41091312	6833531	      15.865	       2.638	 44.5429412	 -68.4087965                                                                                                            
ME	23009965504	4361	2528	166305513	31194935	      64.211	      12.044	 44.6009673	 -68.4953402                                                                                                          
ME	23009965700	2993	2163	173817504	46743924	      67.111	      18.048	 44.5400571	 -68.1778708                                                                                                          
ME	23009965800	2253	1961	156770503	137612776	      60.529	      53.133	 44.4288211	 -68.0771633                                                                                                         
ME	23009965900	5235	3495	109408207	50489510	      42.243	      19.494	 44.3974700	 -68.2638076                                                                                                          
ME	23009966000	2053	2287	95524569	46778638	      36.882	      18.061	 44.3336389	 -68.3304054                                                                                                           
ME	23009966100	1905	1859	43195120	54735031	      16.678	      21.133	 44.2540712	 -68.2719832                                                                                                           
ME	23009966200	1956	1819	92280399	273471154	      35.630	     105.588	 44.1315785	 -68.4683224                                                                                                          
ME	23009966300	4152	3055	257576970	99045958	      99.451	      38.242	 44.4405038	 -68.5489326                                                                                                          
ME	23009966400	2629	1587	123463508	49624949	      47.670	      19.160	 44.4575458	 -68.7362690                                                                                                          
ME	23009966500	2954	2608	196952558	122564517	      76.044	      47.322	 44.3255986	 -68.6646588                                                                                                         
ME	23009966600	3018	2929	102383833	315925591	      39.531	     121.980	 44.2178309	 -68.7015966                                                                                                         
ME	23009966700	5477	3452	171028020	68099398	      66.034	      26.293	 44.4890095	 -68.3371661                                                                                                          
ME	23009990000	0	0	0	445606040	       0.000	     172.049	 44.2028479	 -68.2026712                                                                                                                       
ME	23011010100	4884	2528	57017088	4967206	      22.014	       1.918	 44.3531453	 -69.6961150                                                                                                            
ME	23011010200	4385	2219	36506607	681956	      14.095	       0.263	 44.3614860	 -69.7921165                                                                                                             
ME	23011010300	3471	1921	10213269	75654	       3.943	       0.029	 44.3238576	 -69.8075149                                                                                                              
ME	23011010400	2307	1319	5350224	144860	       2.066	       0.056	 44.3092411	 -69.7967861                                                                                                              
ME	23011010500	4089	1769	33708969	1647065	      13.015	       0.636	 44.2983512	 -69.7073145                                                                                                            
ME	23011010600	7159	3215	139429664	4691824	      53.834	       1.812	 44.2083989	 -69.7157078                                                                                                           
ME	23011010700	2381	1329	15222106	554970	       5.877	       0.214	 44.2872408	 -69.8180401                                                                                                             
ME	23011010801	2580	1255	55391686	3171657	      21.387	       1.225	 44.3425380	 -69.8622566                                                                                                            
ME	23011010802	6430	2930	92900349	7108962	      35.869	       2.745	 44.2337204	 -69.8522283                                                                                                            
ME	23011010900	1587	787	4270869	209865	       1.649	       0.081	 44.2248725	 -69.7984105                                                                                                               
ME	23011011000	4213	1991	36271705	2160839	      14.005	       0.834	 44.1739702	 -69.7958758                                                                                                            
ME	23011012000	3624	1861	96963161	5746687	      37.438	       2.219	 44.1721441	 -69.9345004                                                                                                            
ME	23011013000	4104	2021	88149000	12973373	      34.035	       5.009	 44.2335047	 -70.0147235                                                                                                           
ME	23011014000	6092	3295	80860331	17292558	      31.220	       6.677	 44.3099910	 -69.9630934                                                                                                           
ME	23011014500	2329	1661	125419283	22559355	      48.425	       8.710	 44.3978108	 -70.0690745                                                                                                          
ME	23011015000	2598	1293	75534608	4644338	      29.164	       1.793	 44.3815707	 -69.9457474                                                                                                            
ME	23011015500	3220	2563	226904826	33769026	      87.608	      13.038	 44.5105698	 -69.9469868                                                                                                          
ME	23011016000	3189	2198	112002254	38046601	      43.244	      14.690	 44.5230922	 -69.8375746                                                                                                          
ME	23011017000	4208	1850	109418587	8445458	      42.247	       3.261	 44.4382487	 -69.7556992                                                                                                           
ME	23011018000	4340	2065	114649286	9171136	      44.266	       3.541	 44.4279799	 -69.6495078                                                                                                           
ME	23011019000	2575	1152	89742067	2261885	      34.650	       0.873	 44.3166731	 -69.5730317                                                                                                            
ME	23011020000	4328	2316	129187886	18072446	      49.880	       6.978	 44.4144727	 -69.5352715                                                                                                          
ME	23011020500	2084	942	127527704	1688885	      49.239	       0.652	 44.5405110	 -69.4349139                                                                                                            
ME	23011021000	3486	1547	113631606	2377926	      43.873	       0.918	 44.6597876	 -69.5316750                                                                                                           
ME	23011022000	2732	1164	73590953	1694712	      28.414	       0.654	 44.5908175	 -69.5179441                                                                                                            
ME	23011023001	3647	1808	12583006	1174203	       4.858	       0.453	 44.5604083	 -69.5931700                                                                                                            
ME	23011023002	4147	1884	82773780	3624599	      31.959	       1.399	 44.5202615	 -69.5701007                                                                                                            
ME	23011024101	4042	1918	7142469	19832	       2.758	       0.008	 44.5737440	 -69.6289319                                                                                                               
ME	23011024102	5024	2669	3954699	764772	       1.527	       0.295	 44.5480033	 -69.6353292                                                                                                              
ME	23011024200	6656	2478	24078469	437146	       9.297	       0.169	 44.5358315	 -69.6766003                                                                                                             
ME	23011025000	6240	3024	66480401	6473910	      25.668	       2.500	 44.5799679	 -69.7402421                                                                                                            
ME	23013970200	4850	3165	47241308	6247291	      18.240	       2.412	 44.2292739	 -69.0884332                                                                                                            
ME	23013970300	6638	3451	323386969	15875955	     124.860	       6.130	 44.2538489	 -69.3029710                                                                                                          
ME	23013970400	7532	3145	148687418	7292109	      57.409	       2.815	 44.1224266	 -69.2259930                                                                                                           
ME	23013970500	3330	1956	56043634	5975962	      21.639	       2.307	 44.1804524	 -69.1216963                                                                                                            
ME	23013970600	2801	1431	4973749	414355	       1.920	       0.160	 44.0954722	 -69.1231327                                                                                                              
ME	23013970700	4496	2494	28284902	1531850	      10.921	       0.591	 44.1335362	 -69.1338222                                                                                                            
ME	23013970800	3138	1953	52624576	17562057	      20.318	       6.781	 44.0544880	 -69.1119457                                                                                                           
ME	23013970900	2591	2107	64789884	62922566	      25.016	      24.295	 43.9586812	 -69.2330512                                                                                                           
ME	23013971000	2686	1822	86346212	39681544	      33.338	      15.321	 43.9715585	 -69.3153230                                                                                                           
ME	23013971100	1674	2220	133312759	222691003	      51.472	      85.981	 44.0698392	 -68.7979758                                                                                                         
ME	23013990000	0	0	0	1636919694	       0.000	     632.018	 43.9538894	 -68.9327255                                                                                                                      
ME	23015975100	5276	2929	316146957	19633639	     122.065	       7.581	 44.2118800	 -69.5381652                                                                                                          
ME	23015975200	5075	2651	185179527	19073718	      71.498	       7.364	 44.1220827	 -69.3833501                                                                                                          
ME	23015975300	3861	2465	81189706	16767697	      31.348	       6.474	 44.0825628	 -69.4770685                                                                                                           
ME	23015975400	3710	2093	176186605	17221999	      68.026	       6.649	 44.0291268	 -69.6001118                                                                                                          
ME	23015975500	6122	3136	165484385	29052455	      63.894	      11.217	 44.0174632	 -69.7172224                                                                                                          
ME	23015975600	3630	3443	136941500	80138052	      52.873	      30.941	 43.9437553	 -69.4597886                                                                                                          
ME	23015975700	892	1076	33940491	20373822	      13.104	       7.866	 43.9106517	 -69.5587470                                                                                                            
ME	23015975800	3120	2474	56804587	35563036	      21.932	      13.731	 43.8755159	 -69.6183935                                                                                                           
ME	23015976200	2771	3226	28689942	18276838	      11.077	       7.057	 43.8371337	 -69.6485831                                                                                                           
ME	23015990000	0	0	0	375299033	       0.000	     144.904	 43.8029690	 -69.4652520                                                                                                                       
ME	23017965100	1587	2859	1986993555	131554127	     767.183	      50.793	 44.8335850	 -70.9342310                                                                                                        
ME	23017965400	3195	2057	305783898	5698790	     118.064	       2.200	 44.6542105	 -70.6349396                                                                                                           
ME	23017965500	2215	1302	86276254	3239036	      33.311	       1.251	 44.5079476	 -70.6100356                                                                                                            
ME	23017965600	3626	1985	91255319	126359	      35.234	       0.049	 44.5599538	 -70.6253131                                                                                                             
ME	23017965700	3540	1653	182310009	4656672	      70.390	       1.798	 44.5330835	 -70.3459187                                                                                                           
ME	23017965800	3665	2197	349178892	7068978	     134.819	       2.729	 44.4291820	 -70.3822083                                                                                                           
ME	23017965900	2988	2174	224148156	4719119	      86.544	       1.822	 44.4327705	 -70.7240688                                                                                                           
ME	23017966000	3307	2826	628036287	11306550	     242.486	       4.365	 44.3077233	 -70.7982926                                                                                                          
ME	23017966100	1812	812	62783124	412979	      24.241	       0.159	 44.3192775	 -70.5226467                                                                                                              
ME	23017966200	5183	2419	105601609	513090	      40.773	       0.198	 44.2480012	 -70.4908157                                                                                                            
ME	23017966300	3425	1373	155236452	966045	      59.937	       0.373	 44.2600454	 -70.3903841                                                                                                            
ME	23017966400	5880	3339	203680082	19357887	      78.641	       7.474	 44.1173349	 -70.5274779                                                                                                          
ME	23017966500	5014	2804	116655606	5932315	      45.041	       2.290	 44.2258673	 -70.6100222                                                                                                           
ME	23017966600	3084	2642	316522968	21591761	     122.210	       8.337	 44.1818346	 -70.8076560                                                                                                          
ME	23017966700	3449	1844	151068513	19567226	      58.328	       7.555	 44.0555107	 -70.9445848                                                                                                          
ME	23017966800	2745	2048	234633126	12418875	      90.592	       4.795	 43.9361738	 -70.8704048                                                                                                          
ME	23017966900	3118	1721	178827133	6956912	      69.046	       2.686	 43.8489131	 -70.8315695                                                                                                           
ME	23019000200	3436	2183	1730076	92430	       0.668	       0.036	 44.8038935	 -68.7637221                                                                                                               
ME	23019000300	4472	1956	7829623	535957	       3.023	       0.207	 44.8236779	 -68.7486856                                                                                                              
ME	23019000400	2364	1154	1364928	0	       0.527	       0.000	 44.8129659	 -68.7758939                                                                                                                   
ME	23019000500	3867	1893	2180441	0	       0.842	       0.000	 44.8054718	 -68.7870836                                                                                                                   
ME	23019000600	2279	1253	758859	0	       0.293	       0.000	 44.7959405	 -68.7785240                                                                                                                    
ME	23019000700	3003	1345	17233754	235020	       6.654	       0.091	 44.8073855	 -68.8233435                                                                                                             
ME	23019000900	6724	2930	17995775	0	       6.948	       0.000	 44.8377438	 -68.8286159                                                                                                                  
ME	23019002000	7257	3030	98259637	2332384	      37.938	       0.901	 44.7328730	 -68.8828788                                                                                                            
ME	23019003000	3733	1612	64726304	6067965	      24.991	       2.343	 44.7069554	 -68.7703427                                                                                                            
ME	23019004100	1816	988	1532429	510970	       0.592	       0.197	 44.7797068	 -68.7765772                                                                                                               
ME	23019004200	2630	1115	16448066	0	       6.351	       0.000	 44.7657842	 -68.7491174                                                                                                                  
ME	23019004300	5036	2354	21475216	657447	       8.292	       0.254	 44.7995071	 -68.7137337                                                                                                             
ME	23019005000	1919	884	7840953	494437	       3.027	       0.191	 44.8474062	 -68.7141365                                                                                                               
ME	23019006100	2720	1196	5424942	1291817	       2.095	       0.499	 44.8755313	 -68.6706858                                                                                                             
ME	23019006200	2836	1347	38154455	2094577	      14.732	       0.809	 44.8816788	 -68.7386486                                                                                                            
ME	23019006300	4806	546	3526454	258678	       1.362	       0.100	 44.9014436	 -68.6647067                                                                                                               
ME	23019007100	5054	2362	14532813	710223	       5.611	       0.274	 44.9365312	 -68.6658529                                                                                                             
ME	23019007200	2786	1303	86094609	10773905	      33.241	       4.160	 44.9541709	 -68.7396886                                                                                                           
ME	23019008001	4562	2104	246438653	3368410	      95.150	       1.301	 44.8944804	 -68.5467521                                                                                                           
ME	23019009000	6222	2985	235277070	10699337	      90.841	       4.131	 44.7935255	 -68.5911775                                                                                                          
ME	23019010000	5416	2210	92893197	2425603	      35.866	       0.937	 44.8177092	 -68.9069164                                                                                                            
ME	23019011000	2794	1182	94612249	946574	      36.530	       0.365	 44.8004538	 -69.0031168                                                                                                             
ME	23019012000	1551	659	80314293	62581	      31.010	       0.024	 44.7009969	 -69.0062233                                                                                                               
ME	23019012500	2561	1172	170982227	3785077	      66.017	       1.461	 44.7301590	 -69.1774057                                                                                                           
ME	23019013000	3275	1766	76407779	19352979	      29.501	       7.472	 44.8696647	 -69.2248540                                                                                                           
ME	23019013500	2448	1180	154876704	4704403	      59.798	       1.816	 44.8397381	 -69.1316235                                                                                                           
ME	23019014000	2198	1075	100175076	2007967	      38.678	       0.775	 44.9436934	 -69.2582170                                                                                                           
ME	23019015000	3895	2141	90976548	5250207	      35.126	       2.027	 45.0425690	 -69.2796432                                                                                                            
ME	23019015500	2197	1043	197440691	760326	      76.232	       0.294	 45.0013597	 -69.1390890                                                                                                            
ME	23019018000	2851	1146	77850598	28583	      30.058	       0.011	 44.8768694	 -68.9967128                                                                                                              
ME	23019020500	2826	1369	204151473	6181723	      78.823	       2.387	 45.0561797	 -68.8945507                                                                                                           
ME	23019021500	2006	980	397390121	735484	     153.433	       0.284	 45.1287205	 -68.7470145                                                                                                             
ME	23019022500	1865	922	172789525	795811	      66.714	       0.307	 45.1189851	 -68.5868953                                                                                                             
ME	23019024500	2393	1811	862935960	20487361	     333.181	       7.910	 45.2315142	 -68.3418864                                                                                                          
ME	23019025500	1878	1701	847636714	43227582	     327.274	      16.690	 45.4511310	 -68.1402755                                                                                                          
ME	23019026500	2143	1061	336230156	6059061	     129.819	       2.339	 45.5175127	 -68.4942601                                                                                                           
ME	23019027000	5085	2866	175672555	17652081	      67.828	       6.816	 45.3549239	 -68.4395081                                                                                                          
ME	23019028000	1607	937	71832254	13622928	      27.735	       5.260	 45.2841100	 -68.5822307                                                                                                            
ME	23019028500	1373	814	243110715	7128251	      93.866	       2.752	 45.3158949	 -68.7395643                                                                                                            
ME	23019029000	2084	2210	3033480512	176876038	    1171.233	      68.292	 45.9709038	 -68.7270497                                                                                                        
ME	23019030000	4499	2581	28505590	2774478	      11.006	       1.071	 45.6471569	 -68.7024853                                                                                                            
ME	23019031000	1723	871	18381431	2459400	       7.097	       0.950	 45.6536366	 -68.5973573                                                                                                             
ME	23019031100	6894	2960	39641097	0	      15.306	       0.000	 44.8511245	 -68.7746718                                                                                                                  
ME	23019031200	4287	1779	209330453	33017	      80.823	       0.013	 45.0364835	 -69.0212147                                                                                                             
ME	23019031300	5942	2618	113804321	5080279	      43.940	       1.962	 44.9225528	 -68.8778899                                                                                                           
ME	23019940000	610	266	18878556	31109284	       7.289	      12.011	 44.9672498	 -68.6686226                                                                                                             
ME	23021960301	1758	1989	293993827	17657777	     113.512	       6.818	 45.4555075	 -69.6858105                                                                                                          
ME	23021960302	404	2178	7801000977	951329119	    3011.983	     367.310	 45.9935053	 -69.2470263                                                                                                         
ME	23021960400	1309	1828	669923851	43910564	     258.659	      16.954	 45.3184462	 -69.4684204                                                                                                          
ME	23021960500	1845	1529	424086094	7110145	     163.741	       2.745	 45.1401794	 -69.5305076                                                                                                           
ME	23021960600	2864	1768	189824353	5505980	      73.292	       2.126	 45.1679962	 -69.3305243                                                                                                           
ME	23021960700	4213	2459	175616887	8733033	      67.806	       3.372	 45.1780248	 -69.1926963                                                                                                           
ME	23021960800	3803	2396	484762898	13111054	     187.168	       5.062	 45.2193784	 -69.0000182                                                                                                          
ME	23021960900	1339	1193	219361840	32952175	      84.696	      12.723	 45.3805590	 -68.9409735                                                                                                          
ME	23023970100	3411	1629	78761453	2988503	      30.410	       1.154	 44.1168327	 -69.8296069                                                                                                            
ME	23023970200	5950	2481	207421019	16648307	      80.086	       6.428	 44.0479069	 -69.9163722                                                                                                          
ME	23023970301	4574	2255	63298713	1295193	      24.440	       0.500	 43.9699453	 -69.9716828                                                                                                            
ME	23023970302	4210	1912	20094413	7495104	       7.758	       2.894	 43.9421427	 -69.9268488                                                                                                            
ME	23023970400	4541	2710	159086874	50625036	      61.424	      19.546	 43.9083815	 -69.7600840                                                                                                          
ME	23023970500	5362	2768	17059389	9085502	       6.587	       3.508	 43.9469906	 -69.8458335                                                                                                            
ME	23023970600	3152	1669	6503140	1586031	       2.511	       0.612	 43.8882397	 -69.8267017                                                                                                             
ME	23023970700	4093	2864	104841835	50236230	      40.480	      19.396	 43.7861273	 -69.8429315                                                                                                          
ME	23023990000	0	0	0	161372101	       0.000	      62.306	 43.7084463	 -69.7721513                                                                                                                       
ME	23025965301	1080	883	210643235	4257552	      81.330	       1.644	 45.6476918	 -70.2143898                                                                                                            
ME	23025965302	1377	3346	7331834920	344243267	    2830.837	     132.913	 45.7729441	 -70.0230934                                                                                                        
ME	23025965600	2028	1286	313713885	6139035	     121.126	       2.370	 44.9847546	 -69.6378002                                                                                                           
ME	23025965700	2955	1827	229773207	7169162	      88.716	       2.768	 44.9728803	 -69.4040227                                                                                                           
ME	23025965800	2838	1325	156452721	3742335	      60.407	       1.445	 44.8251424	 -69.3395952                                                                                                           
ME	23025965900	1782	1109	96100494	15153096	      37.105	       5.851	 44.8798231	 -69.5205004                                                                                                           
ME	23025966000	4215	1828	124781225	1385703	      48.178	       0.535	 44.7698405	 -69.4336701                                                                                                           
ME	23025966100	3589	1729	212095280	3042587	      81.890	       1.175	 44.8665823	 -69.6744599                                                                                                           
ME	23025966200	1975	1257	193092843	3898109	      74.554	       1.505	 44.9761087	 -69.7734027                                                                                                           
ME	23025966300	1995	1910	414779274	14054694	     160.147	       5.427	 44.9561034	 -69.9893995                                                                                                          
ME	23025966400	2511	1300	123004495	2068089	      47.492	       0.798	 44.8362855	 -69.9663907                                                                                                           
ME	23025966500	4855	2478	134368258	7623563	      51.880	       2.943	 44.8263541	 -69.7997127                                                                                                           
ME	23025966600	4269	2227	56841140	174198	      21.946	       0.067	 44.7892800	 -69.6676898                                                                                                             
ME	23025966700	4320	2007	95565621	4015646	      36.898	       1.550	 44.7393627	 -69.6736000                                                                                                            
ME	23025966800	6735	3016	139220477	2149697	      53.753	       0.830	 44.6516533	 -69.6612755                                                                                                           
ME	23025966900	3367	1520	129371046	3255601	      49.950	       1.257	 44.7325315	 -69.8196610                                                                                                           
ME	23025967000	2337	1521	202518840	15666031	      78.193	       6.049	 44.6936848	 -69.8908172                                                                                                          
ME	23027041000	3757	1645	92007098	3970578	      35.524	       1.533	 44.6503837	 -68.9088904                                                                                                            
ME	23027042000	6039	3323	235657347	71170374	      90.988	      27.479	 44.5112059	 -68.8861781                                                                                                          
ME	23027043000	6668	3582	88164080	11204238	      34.040	       4.326	 44.4258740	 -69.0264178                                                                                                           
ME	23027044000	4250	3477	195306315	186748775	      75.408	      72.104	 44.3229531	 -68.9850372                                                                                                         
ME	23027045000	5969	3235	428757798	14408468	     165.544	       5.563	 44.4155258	 -69.2269083                                                                                                          
ME	23027046001	2254	1318	160787557	9600291	      62.080	       3.707	 44.4296203	 -69.4060684                                                                                                           
ME	23027046002	5183	2525	358620963	13710710	     138.464	       5.294	 44.6410175	 -69.3140610                                                                                                          
ME	23027047000	4666	2461	331178546	7336188	     127.869	       2.833	 44.5583926	 -69.0815377                                                                                                           
ME	23029955100	2679	3366	3523586476	319864193	    1360.464	     123.500	 45.2031871	 -67.7847786                                                                                                        
ME	23029955300	1566	1182	354055934	47847284	     136.702	      18.474	 45.0962057	 -67.5297835                                                                                                          
ME	23029955400	1521	875	96227179	12323979	      37.154	       4.758	 45.1814566	 -67.4398865                                                                                                            
ME	23029955500	3123	1737	88895298	14981780	      34.323	       5.784	 45.1503269	 -67.2391888                                                                                                           
ME	23029955600	2212	1192	150279277	48526422	      58.023	      18.736	 45.0122550	 -67.1081422                                                                                                          
ME	23029955700	1331	1083	9455354	22820209	       3.651	       8.811	 44.9109583	 -67.0089131                                                                                                            
ME	23029955800	2313	1833	295220586	161880288	     113.985	      62.502	 44.7726480	 -67.1097221                                                                                                         
ME	23029955900	2844	2161	926932604	106449174	     357.891	      41.100	 44.9438510	 -67.3731428                                                                                                         
ME	23029956100	2487	1456	145600325	89966488	      56.217	      34.736	 44.6894180	 -67.3955183                                                                                                          
ME	23029956200	2959	1487	118542919	4585854	      45.770	       1.771	 44.7279721	 -67.4870625                                                                                                           
ME	23029956300	2789	1929	316960368	206871432	     122.379	      79.874	 44.5828346	 -67.6024603                                                                                                         
ME	23029956400	3316	2075	322180698	154940299	     124.395	      59.823	 44.5864867	 -67.7546612                                                                                                         
ME	23029956500	3716	2625	289320527	89096435	     111.707	      34.400	 44.5289068	 -67.9281710                                                                                                          
ME	23029990000	0	0	0	519865950	       0.000	     200.721	 44.5268124	 -67.4388817                                                                                                                       
ME	23031005100	5058	1841	65760915	605721	      25.390	       0.234	 43.5504110	 -70.4663413                                                                                                             
ME	23031005200	4557	2141	18854428	40870	       7.280	       0.016	 43.5328359	 -70.4308706                                                                                                              
ME	23031005300	6338	3076	5707633	503864	       2.204	       0.195	 43.5049744	 -70.4616497                                                                                                              
ME	23031005400	2529	1450	9297138	6599575	       3.590	       2.548	 43.4808220	 -70.3925365                                                                                                             
ME	23031006101	5290	3569	15533129	892256	       5.997	       0.345	 43.5250443	 -70.3882500                                                                                                             
ME	23031006102	3334	3317	3721998	917082	       1.437	       0.354	 43.5151011	 -70.3777790                                                                                                              
ME	23031020000	8034	3301	104955800	1834561	      40.524	       0.708	 43.6363874	 -70.5388313                                                                                                           
ME	23031021000	4281	1801	82913900	2542498	      32.013	       0.982	 43.6310191	 -70.6143690                                                                                                            
ME	23031022000	3713	1615	108572218	3534452	      41.920	       1.365	 43.7450037	 -70.7029796                                                                                                           
ME	23031022500	3301	1866	209953456	3158038	      81.063	       1.219	 43.7327875	 -70.8991541                                                                                                           
ME	23031023000	2892	1569	70286511	2864861	      27.138	       1.106	 43.6884813	 -70.7818831                                                                                                            
ME	23031023500	6637	5331	281691067	18058070	     108.762	       6.972	 43.5634838	 -70.8826546                                                                                                          
ME	23031024000	7693	3574	143299412	4741782	      55.328	       1.831	 43.6077208	 -70.7371300                                                                                                           
ME	23031024500	6309	2820	147318176	5200662	      56.880	       2.008	 43.5140296	 -70.6231343                                                                                                           
ME	23031025100	3800	1585	31115161	608703	      12.014	       0.235	 43.4873967	 -70.5128315                                                                                                             
ME	23031025201	5123	2532	1875986	89847	       0.724	       0.035	 43.4912884	 -70.4655664                                                                                                               
ME	23031025202	6966	3478	3438874	195080	       1.328	       0.075	 43.4828349	 -70.4491263                                                                                                              
ME	23031025300	2934	1181	32728562	411459	      12.637	       0.159	 43.4478048	 -70.4247229                                                                                                             
ME	23031025400	2454	1288	8767431	11835123	       3.385	       4.570	 43.4465297	 -70.3709143                                                                                                            
ME	23031026000	4022	1692	61821117	67050	      23.869	       0.026	 43.4398088	 -70.5280318                                                                                                              
ME	23031027000	3474	2897	53151696	7890331	      20.522	       3.046	 43.3982435	 -70.4486194                                                                                                            
ME	23031028001	3386	1284	50657079	450127	      19.559	       0.174	 43.4192441	 -70.5832926                                                                                                             
ME	23031028002	7412	4622	40115401	1950900	      15.489	       0.753	 43.3754829	 -70.5306930                                                                                                            
ME	23031029000	3019	1350	70573221	1723072	      27.248	       0.665	 43.4786433	 -70.7270374                                                                                                            
ME	23031030100	4338	1943	28070748	435323	      10.838	       0.168	 43.4641207	 -70.8143982                                                                                                             
ME	23031030201	3215	1476	16120055	313305	       6.224	       0.121	 43.4333640	 -70.8126343                                                                                                             
ME	23031030202	5627	2514	12553516	23325	       4.847	       0.009	 43.4422677	 -70.7465980                                                                                                              
ME	23031030203	4059	1847	15209166	342978	       5.872	       0.132	 43.4191537	 -70.7734419                                                                                                             
ME	23031030300	3559	1672	51802406	1403146	      20.001	       0.542	 43.3836859	 -70.7189090                                                                                                            
ME	23031031000	6031	2540	142454022	2137322	      55.002	       0.825	 43.3999085	 -70.9127855                                                                                                           
ME	23031032000	7246	2934	97164109	875282	      37.515	       0.338	 43.2993321	 -70.8420772                                                                                                             
ME	23031033000	4576	1930	98458142	367786	      38.015	       0.142	 43.3511096	 -70.7787451                                                                                                             
ME	23031034001	5129	8186	51385826	4023007	      19.840	       1.553	 43.3095499	 -70.5970411                                                                                                            
ME	23031034002	5352	2380	108497497	198082	      41.891	       0.076	 43.3314323	 -70.6455858                                                                                                            
ME	23031035000	7220	2911	83225304	1313644	      32.133	       0.507	 43.2304916	 -70.7524265                                                                                                            
ME	23031036001	6891	5941	30164264	10293893	      11.646	       3.974	 43.1453603	 -70.6400605                                                                                                           
ME	23031036002	5638	2708	111430692	5107886	      43.024	       1.972	 43.1901780	 -70.6638586                                                                                                           
ME	23031037000	6204	2669	51236457	3999811	      19.783	       1.544	 43.1465519	 -70.7743831                                                                                                            
ME	23031038001	6107	3373	25780986	46806123	       9.954	      18.072	 43.0048522	 -70.6043548                                                                                                           
ME	23031038002	3383	1569	20271578	1003213	       7.827	       0.387	 43.1211585	 -70.7291895                                                                                                            
ME	23031990100	0	0	0	567248819	       0.000	     219.016	 43.1483531	 -70.4998364                                                                                                                       
