WY	56001962700	3368	1484	635524992	9682680	     245.378	       3.739	 41.3030705	-105.6327424                                                                                                           
WY	56001962800	3285	1563	7077444	0	       2.733	       0.000	 41.3181225	-105.6280523                                                                                                                   
WY	56001962900	1809	924	7115636	14595	       2.747	       0.006	 41.3239526	-105.6039229                                                                                                                
WY	56001963000	2509	1307	3602950	25626	       1.391	       0.010	 41.3336790	-105.5879040                                                                                                               
WY	56001963100	7020	3342	6954735	0	       2.685	       0.000	 41.3281129	-105.5609894                                                                                                                   
WY	56001963400	3498	1904	1327845	0	       0.513	       0.000	 41.3136531	-105.5884012                                                                                                                   
WY	56001963500	2826	498	2224927	0	       0.859	       0.000	 41.3144554	-105.5692900                                                                                                                    
WY	56001963600	4617	2286	2020972	0	       0.780	       0.000	 41.3063157	-105.5778150                                                                                                                   
WY	56001963700	5226	2461	32498685	25228	      12.548	       0.010	 41.3006252	-105.5246876                                                                                                              
WY	56001963900	2141	2170	10370845710	80766936	    4004.206	      31.184	 41.6655141	-105.7218826                                                                                                        
WY	56003962600	2542	1348	3940385375	14572837	    1521.391	       5.627	 44.3363742	-107.8097899                                                                                                         
WY	56003962700	3555	1641	2315632241	2848363	     894.071	       1.100	 44.5870727	-108.0883798                                                                                                          
WY	56003962800	5571	2390	1869026114	39010463	     721.635	      15.062	 44.8408508	-108.2675775                                                                                                         
WY	56005000100	8924	3720	6437876917	3585130	    2485.678	       1.384	 43.8877273	-105.5519021                                                                                                          
WY	56005000200	6441	2452	88282328	111081	      34.086	       0.043	 44.2622761	-105.4045602                                                                                                             
WY	56005000300	5487	2277	25255736	56923	       9.751	       0.022	 44.2820069	-105.4379511                                                                                                              
WY	56005000400	4394	2086	3733447	0	       1.441	       0.000	 44.2864065	-105.4947535                                                                                                                   
WY	56005000500	6365	2323	35276347	16162	      13.620	       0.006	 44.2692262	-105.5651062                                                                                                              
WY	56005000600	5694	2483	20564686	0	       7.940	       0.000	 44.3064983	-105.5294137                                                                                                                  
WY	56005000700	8828	3614	5827969828	6588337	    2250.192	       2.544	 44.6514742	-105.5491564                                                                                                          
WY	56007967600	2326	1048	8642483714	81710918	    3336.882	      31.549	 41.7068338	-107.3673125                                                                                                         
WY	56007967700	4413	1916	25596459	98642	       9.883	       0.038	 41.8145831	-107.1951620                                                                                                              
WY	56007967800	4326	2134	27942330	14447	      10.789	       0.006	 41.8058011	-107.2515902                                                                                                              
WY	56007968000	3181	2239	4851674141	14971693	    1873.242	       5.781	 41.2882699	-106.8031476                                                                                                         
WY	56007968100	1639	1239	6906935328	75201595	    2666.783	      29.035	 41.9723619	-106.4609674                                                                                                         
WY	56009956400	4979	2300	121077321	1017755	      46.748	       0.393	 42.7898291	-105.3156207                                                                                                           
WY	56009956500	2807	1184	36953674	597127	      14.268	       0.231	 42.7435415	-105.4321204                                                                                                             
WY	56009956600	3194	1599	10835968716	24148752	    4183.791	       9.324	 42.9728389	-105.5073672                                                                                                        
WY	56009956700	2853	1320	26096708	623540	      10.076	       0.241	 42.8514505	-105.8404064                                                                                                             
WY	56011950200	4481	2222	5202978270	27818281	    2008.881	      10.741	 44.6588186	-104.6778233                                                                                                         
WY	56011950300	2602	1373	2189903515	382102	     845.527	       0.148	 44.4296197	-104.3283630                                                                                                           
WY	56013000100	3973	1692	34096624	0	      13.165	       0.000	 42.8561752	-108.7367371                                                                                                                  
WY	56013000200	3595	1702	18569336	0	       7.170	       0.000	 42.8304561	-108.7851293                                                                                                                  
WY	56013000300	4422	2461	12309182942	37525481	    4752.602	      14.489	 42.7248755	-108.1739166                                                                                                        
WY	56013000400	1803	1492	3517155743	25399765	    1357.981	       9.807	 43.6273568	-109.6938341                                                                                                         
WY	56013940100	3951	1345	4896497231	43611931	    1890.548	      16.839	 43.2692080	-109.0894098                                                                                                         
WY	56013940201	3892	1676	1742945090	92440889	     672.955	      35.692	 43.3026069	-108.4363056                                                                                                         
WY	56013940202	4832	1565	1191590808	12605854	     460.076	       4.867	 43.0152040	-108.4719602                                                                                                         
WY	56013940300	5515	2230	39989390	438954	      15.440	       0.169	 43.0639761	-108.3474936                                                                                                             
WY	56013940400	5565	2370	33675621	107667	      13.002	       0.042	 43.0434263	-108.4183717                                                                                                             
WY	56013940500	2575	1263	2265442	0	       0.875	       0.000	 43.0273517	-108.3895548                                                                                                                   
WY	56015957700	1796	932	2627593434	3991354	    1014.520	       1.541	 42.3853915	-104.3328158                                                                                                           
WY	56015957800	3577	1576	39918943	458272	      15.413	       0.177	 42.0835895	-104.2185978                                                                                                             
WY	56015957900	4861	2044	87949878	927992	      33.958	       0.358	 42.0439224	-104.0930165                                                                                                             
WY	56015958000	3015	1420	3008273676	12203535	    1161.501	       4.712	 41.8427367	-104.3818292                                                                                                         
WY	56017967800	2956	1583	5297471	121268	       2.045	       0.047	 43.6453643	-108.2198241                                                                                                              
WY	56017967900	1856	999	5185275532	5886790	    2002.046	       2.273	 43.7208707	-108.4356515                                                                                                           
WY	56019955100	2475	1569	10693744080	52749666	    4128.878	      20.367	 44.0440477	-106.5885406                                                                                                        
WY	56019955200	6094	2984	65462039	198181	      25.275	       0.077	 44.3492747	-106.7367409                                                                                                             
WY	56021000200	4588	2208	7570010	0	       2.923	       0.000	 41.1243196	-104.8089989                                                                                                                   
WY	56021000300	3769	1442	5967317	0	       2.304	       0.000	 41.1086430	-104.8304713                                                                                                                   
WY	56021000401	4626	1941	15528497	0	       5.996	       0.000	 41.0786928	-104.8136777                                                                                                                  
WY	56021000402	5108	2198	11426312	0	       4.412	       0.000	 41.1131233	-104.7798006                                                                                                                  
WY	56021000501	8164	3221	6107369	0	       2.358	       0.000	 41.1369408	-104.7519564                                                                                                                   
WY	56021000600	5968	2839	3161006	0	       1.220	       0.000	 41.1398186	-104.7830331                                                                                                                   
WY	56021000700	4338	2501	5569994	1620	       2.151	       0.001	 41.1343793	-104.8212283                                                                                                                
WY	56021000800	1835	868	1305708	0	       0.504	       0.000	 41.1493694	-104.7984292                                                                                                                    
WY	56021000900	2768	1458	3591335	280716	       1.387	       0.108	 41.1564565	-104.8331050                                                                                                              
WY	56021001000	3026	1654	2030887	0	       0.784	       0.000	 41.1412215	-104.8304719                                                                                                                   
WY	56021001100	3072	935	12915653	61260	       4.987	       0.024	 41.1470534	-104.8616336                                                                                                               
WY	56021001200	5030	2307	6307742	0	       2.435	       0.000	 41.1867965	-104.8379375                                                                                                                   
WY	56021001300	7079	3160	9796293	0	       3.782	       0.000	 41.1861700	-104.8146543                                                                                                                   
WY	56021001401	3984	1629	3993394	0	       1.542	       0.000	 41.1588348	-104.7773811                                                                                                                   
WY	56021001402	2516	1010	12662870	0	       4.889	       0.000	 41.1811979	-104.7878489                                                                                                                  
WY	56021001501	4765	2040	16735626	0	       6.462	       0.000	 41.1811805	-104.7486973                                                                                                                  
WY	56021001502	4899	2347	4751634	0	       1.835	       0.000	 41.1507701	-104.7521824                                                                                                                   
WY	56021001901	4891	1819	1516224255	112824	     585.417	       0.044	 41.4235689	-104.6795634                                                                                                           
WY	56021001902	4182	1840	2578037791	2496573	     995.386	       0.964	 41.3080756	-105.0844480                                                                                                          
WY	56021002000	7130	3045	2729236735	1316814	    1053.764	       0.508	 41.2408635	-104.3404666                                                                                                          
WY	56021980801	0	0	3559087	0	       1.374	       0.000	 41.1560116	-104.8095832                                                                                                                         
WY	56023978000	6801	3721	3909998714	7265103	    1509.659	       2.805	 42.7641093	-110.7989113                                                                                                          
WY	56023978100	5777	2395	291282579	73591	     112.465	       0.028	 42.7033660	-110.9627580                                                                                                             
WY	56023978200	1994	1143	6235690339	42573896	    2407.614	      16.438	 41.9386079	-110.5561793                                                                                                         
WY	56023978400	3534	1687	120154806	12711	      46.392	       0.005	 41.8127268	-110.5510907                                                                                                             
WY	56025000200	4385	2303	4917664	149302	       1.899	       0.058	 42.8559788	-106.3200360                                                                                                              
WY	56025000300	3946	2176	2835570	0	       1.095	       0.000	 42.8448777	-106.3098353                                                                                                                   
WY	56025000400	4185	1909	2740366	0	       1.058	       0.000	 42.8485601	-106.2893288                                                                                                                   
WY	56025000501	5180	2571	3298941	0	       1.274	       0.000	 42.8320709	-106.2845106                                                                                                                   
WY	56025000502	2776	1183	1950484	0	       0.753	       0.000	 42.8459028	-106.2752202                                                                                                                   
WY	56025000600	7335	3195	10359665	0	       4.000	       0.000	 42.8213624	-106.3095586                                                                                                                  
WY	56025000700	2773	1326	1653040	0	       0.638	       0.000	 42.8363986	-106.3312641                                                                                                                   
WY	56025000800	3771	1776	3791396	207322	       1.464	       0.080	 42.8363052	-106.3528522                                                                                                              
WY	56025000901	4708	1951	5570505	0	       2.151	       0.000	 42.8188632	-106.3591947                                                                                                                   
WY	56025000902	3933	1497	3813417	0	       1.472	       0.000	 42.8163082	-106.3388142                                                                                                                   
WY	56025001000	4786	1863	5070560	320735	       1.958	       0.124	 42.8228059	-106.3929401                                                                                                              
WY	56025001100	2425	1143	8150645	406064	       3.147	       0.157	 42.8343757	-106.3963128                                                                                                              
WY	56025001200	2196	929	12982997	151524	       5.013	       0.059	 42.8567404	-106.3783834                                                                                                              
WY	56025001401	5620	2250	2891789616	8214702	    1116.526	       3.172	 43.2083803	-106.3349847                                                                                                          
WY	56025001602	5596	2320	13683345	281326	       5.283	       0.109	 42.8460994	-106.2622695                                                                                                             
WY	56025001603	3217	1219	48734767	49349	      18.817	       0.019	 42.7881845	-106.3603485                                                                                                              
WY	56025001700	4482	1732	27354929	399472	      10.562	       0.154	 42.8411315	-106.4419954                                                                                                             
WY	56025001800	4136	2464	10782748865	81281018	    4163.243	      31.383	 42.9001250	-106.9486110                                                                                                        
WY	56027957200	2484	1338	6801404307	4969500	    2626.037	       1.919	 43.0621590	-104.4683727                                                                                                          
WY	56029965100	4999	2112	1729231689	3330329	     667.660	       1.286	 44.7478750	-108.7873203                                                                                                          
WY	56029965200	6258	2616	10304678	0	       3.979	       0.000	 44.7536620	-108.7598348                                                                                                                  
WY	56029965300	7155	4059	16209169819	61192357	    6258.396	      23.627	 44.4939100	-109.6675783                                                                                                        
WY	56029965400	5769	2744	17079124	208753	       6.594	       0.081	 44.5307343	-109.0274760                                                                                                             
WY	56029965500	4024	2031	14112307	892360	       5.449	       0.345	 44.5211741	-109.0897662                                                                                                             
WY	56031959100	2092	1361	2289570473	61606402	     884.008	      23.786	 42.4007990	-104.9480644                                                                                                         
WY	56031959400	6575	3306	3108503205	7430044	    1200.200	       2.869	 41.9289629	-104.9795974                                                                                                          
WY	56033000100	5411	2471	12963892	0	       5.005	       0.000	 44.7654726	-106.9479714                                                                                                                  
WY	56033000200	3206	1641	3512717	0	       1.356	       0.000	 44.7895306	-106.9649909                                                                                                                   
WY	56033000300	3586	1928	4418954	0	       1.706	       0.000	 44.8013778	-106.9642066                                                                                                                   
WY	56033000400	5675	2454	6193024	11045	       2.391	       0.004	 44.8146369	-106.9617626                                                                                                               
WY	56033000500	6541	3430	4045161348	4707724	    1561.846	       1.818	 44.7567961	-106.5768420                                                                                                          
WY	56033000600	4697	2015	2464862790	3267574	     951.689	       1.262	 44.8342288	-107.4379982                                                                                                          
WY	56035000101	4321	2160	6477218328	12682474	    2500.868	       4.897	 42.6499549	-110.1461995                                                                                                         
WY	56035000102	5926	3610	6178853757	114675072	    2385.669	      44.276	 42.9507617	-109.6274284                                                                                                        
WY	56037970500	2720	1333	2644841016	15119824	    1021.179	       5.838	 41.7330689	-109.6934385                                                                                                         
WY	56037970601	4675	1827	88883073	1170151	      34.318	       0.452	 41.4995093	-109.3867404                                                                                                            
WY	56037970602	3471	1180	1500338	0	       0.579	       0.000	 41.4973630	-109.4560389                                                                                                                   
WY	56037970700	3709	1542	2649442625	69448214	    1022.956	      26.814	 41.2783954	-109.7622413                                                                                                         
WY	56037970800	5879	2574	137567939	0	      53.115	       0.000	 41.6619811	-109.1694097                                                                                                                 
WY	56037970901	6305	2517	111524392	60034	      43.060	       0.023	 41.6683526	-109.2879750                                                                                                             
WY	56037970902	4105	1760	7273576	0	       2.808	       0.000	 41.6042007	-109.2473249                                                                                                                   
WY	56037970903	2841	1174	12291525	0	       4.746	       0.000	 41.5747131	-109.2595659                                                                                                                  
WY	56037971000	2164	997	126009072	0	      48.652	       0.000	 41.5103100	-109.2282920                                                                                                                  
WY	56037971100	3321	1530	11983658	0	       4.627	       0.000	 41.5625313	-109.1928620                                                                                                                  
WY	56037971200	2524	1138	34921108	0	      13.483	       0.000	 41.5725375	-109.1487786                                                                                                                  
WY	56037971600	2092	1163	21178658464	81089271	    8177.126	      31.309	 41.6969563	-108.6560648                                                                                                        
WY	56039967600	4600	3768	9990325489	566856026	    3857.286	     218.864	 44.0493205	-110.5881023                                                                                                        
WY	56039967701	2271	1134	60999416	95150	      23.552	       0.037	 43.4731293	-110.6883203                                                                                                              
WY	56039967702	6411	3987	218834253	4467196	      84.492	       1.725	 43.4823657	-110.8750345                                                                                                           
WY	56039967800	8012	3924	77824633	847357	      30.048	       0.327	 43.4386519	-110.7694503                                                                                                             
WY	56041975200	6505	2599	2952853178	5097792	    1140.103	       1.968	 41.2955170	-110.3233440                                                                                                          
WY	56041975300	7761	3126	2305279654	2705149	     890.073	       1.044	 41.2727663	-110.7963281                                                                                                          
WY	56041975400	6852	2988	132316728	8538724	      51.088	       3.297	 41.3532973	-111.0075603                                                                                                           
WY	56043000200	3326	1496	5780555622	9805360	    2231.885	       3.786	 43.8788305	-107.6690520                                                                                                          
WY	56043000301	2665	1253	1993201	0	       0.770	       0.000	 44.0143691	-107.9563794                                                                                                                   
WY	56043000302	2542	1084	15265794	956995	       5.894	       0.369	 44.0285717	-107.9507941                                                                                                             
WY	56045951100	3314	1584	6100218845	4817922	    2355.308	       1.860	 43.8462133	-104.5700202                                                                                                          
WY	56045951300	3894	1949	110801960	183773	      42.781	       0.071	 43.8595602	-104.2444608                                                                                                            
