NH	33001965100	3261	1878	129620066	12328718	      50.047	       4.760	 43.6511705	 -71.6135677                                                                                                          
NH	33001965200	2920	2653	35469709	27805057	      13.695	      10.736	 43.6557882	 -71.4426578                                                                                                           
NH	33001965300	3321	2075	67901651	9222937	      26.217	       3.561	 43.6082450	 -71.5498175                                                                                                            
NH	33001965400	2966	1612	123300238	5568277	      47.606	       2.150	 43.5241863	 -71.6016068                                                                                                           
NH	33001965598	3567	1845	28838874	2212369	      11.135	       0.854	 43.4712114	 -71.5764584                                                                                                            
NH	33001965600	3777	2118	148249925	4560753	      57.240	       1.761	 43.4320316	 -71.3659711                                                                                                           
NH	33001965700	4593	2319	108767874	5216606	      41.996	       2.014	 43.3509658	 -71.2591354                                                                                                           
NH	33001965800	7356	3615	78900509	4825717	      30.464	       1.863	 43.4745964	 -71.4823721                                                                                                            
NH	33001965900	3855	1847	3932101	18900	       1.518	       0.007	 43.5201773	 -71.4575279                                                                                                               
NH	33001966000	5076	2333	18143369	6767820	       7.005	       2.613	 43.5618520	 -71.4986019                                                                                                            
NH	33001966100	4115	2658	16657275	6864744	       6.431	       2.650	 43.5764231	 -71.4810249                                                                                                            
NH	33001966200	2905	3041	13212192	3241936	       5.101	       1.252	 43.5918678	 -71.4528247                                                                                                            
NH	33001966401	1108	2164	13254911	38027677	       5.118	      14.683	 43.6110999	 -71.3675435                                                                                                           
NH	33001966402	6018	2947	87451241	359722	      33.765	       0.139	 43.5223844	 -71.3672807                                                                                                             
NH	33001966500	5250	4281	162896397	50003913	      62.895	      19.307	 43.4920529	 -71.2430013                                                                                                          
NH	33003955100	3765	5280	421535529	1484123	     162.756	       0.573	 44.1261868	 -71.2328777                                                                                                           
NH	33003955300	6032	4582	252146303	2680855	      97.354	       1.035	 44.1273878	 -71.0608532                                                                                                           
NH	33003955400	4420	2609	74715768	4596726	      28.848	       1.775	 43.9774307	 -71.0543243                                                                                                            
NH	33003955500	2895	2168	162742639	9534112	      62.835	       3.681	 43.8910021	 -71.1075052                                                                                                           
NH	33003955600	4917	3586	581509803	12394971	     224.522	       4.786	 43.8929036	 -71.3438778                                                                                                          
NH	33003955800	2954	2543	190122598	11173602	      73.407	       4.314	 43.7849842	 -71.0586170                                                                                                          
NH	33003955900	4345	3057	183263432	12461607	      70.758	       4.811	 43.7372490	 -71.1503492                                                                                                          
NH	33003956000	5790	4170	161333061	14640930	      62.291	       5.653	 43.5827516	 -71.0336847                                                                                                          
NH	33003956100	6269	4443	123986753	27384418	      47.872	      10.573	 43.6054514	 -71.1769247                                                                                                          
NH	33003956300	4044	4940	154023307	39207496	      59.469	      15.138	 43.7204979	 -71.3682014                                                                                                          
NH	33003956400	2387	2435	106057721	23397175	      40.949	       9.034	 43.6698414	 -71.2758616                                                                                                          
NH	33005970100	4224	2101	251237269	3564290	      97.003	       1.376	 43.0868207	 -72.2862420                                                                                                           
NH	33005970200	3734	1715	91111888	3950355	      35.178	       1.525	 43.0810907	 -72.4031308                                                                                                            
NH	33005970400	5425	3394	388094053	17221019	     149.844	       6.649	 42.9997589	 -72.1215681                                                                                                          
NH	33005970500	5457	2547	99227871	4488199	      38.312	       1.733	 42.8292541	 -72.0599005                                                                                                            
NH	33005970600	6014	2224	96281338	7127892	      37.174	       2.752	 42.7566630	 -72.0132470                                                                                                            
NH	33005970700	3551	1749	186963404	4144596	      72.187	       1.600	 42.7658198	 -72.2113306                                                                                                           
NH	33005970800	4208	1878	97974010	1014805	      37.828	       0.392	 42.8568710	 -72.1858743                                                                                                            
NH	33005970900	7230	3205	116588136	962874	      45.015	       0.372	 42.8582713	 -72.2963597                                                                                                            
NH	33005971000	5602	2482	33966368	227852	      13.114	       0.088	 42.9650443	 -72.2948028                                                                                                             
NH	33005971100	5161	2523	17828852	314273	       6.884	       0.121	 42.9397372	 -72.2523741                                                                                                             
NH	33005971300	3321	1702	2488176	34705	       0.961	       0.013	 42.9389045	 -72.2840139                                                                                                               
NH	33005971401	5364	1229	16875680	6550	       6.516	       0.003	 42.9197443	 -72.2999552                                                                                                               
NH	33005971402	3961	1783	25313917	71151	       9.774	       0.027	 42.9472293	 -72.3342673                                                                                                              
NH	33005971500	5478	2482	210683061	8006870	      81.345	       3.091	 42.9221550	 -72.4329040                                                                                                           
NH	33005971600	4046	1827	53257692	5562051	      20.563	       2.148	 42.8092977	 -72.5048221                                                                                                            
NH	33005971700	4341	1932	142349917	1418010	      54.962	       0.547	 42.7893136	 -72.3952385                                                                                                           
NH	33007950100	2138	3111	1054453245	32731374	     407.127	      12.638	 45.1008045	 -71.2664050                                                                                                         
NH	33007950200	3058	1947	261489750	1388990	     100.962	       0.536	 44.8472422	 -71.4390795                                                                                                           
NH	33007950300	2009	1938	1182696646	37143481	     456.642	      14.341	 44.7411003	 -71.2006980                                                                                                         
NH	33007950400	3594	2213	565533959	7519000	     218.354	       2.903	 44.6607940	 -71.4398124                                                                                                           
NH	33007950500	3507	1689	195464280	2320309	      75.469	       0.896	 44.4784695	 -71.4967873                                                                                                           
NH	33007950600	4328	1918	17859951	752819	       6.896	       0.291	 44.4884299	 -71.1564285                                                                                                             
NH	33007950700	3206	1580	25504967	508014	       9.848	       0.196	 44.5114664	 -71.1977917                                                                                                             
NH	33007950800	2517	1412	116223089	928517	      44.874	       0.359	 44.4843111	 -71.2771536                                                                                                            
NH	33007950900	3230	1710	404243476	3817320	     156.079	       1.474	 44.3671451	 -71.0871371                                                                                                           
NH	33007951000	2183	1887	664931528	1090551	     256.732	       0.421	 44.3137439	 -71.4028891                                                                                                           
NH	33007951100	3285	1916	159811764	2577297	      61.704	       0.995	 44.3788980	 -71.6286993                                                                                                           
NH	33009960100	5928	3065	129765289	10379666	      50.103	       4.008	 44.3433516	 -71.7951186                                                                                                          
NH	33009960200	4193	2805	448802378	2194868	     173.284	       0.847	 44.1771430	 -71.6185649                                                                                                           
NH	33009960300	4662	2565	451261089	8463177	     174.233	       3.268	 44.1939699	 -71.9144859                                                                                                           
NH	33009960400	4399	6039	800212438	3807512	     308.964	       1.470	 44.0339755	 -71.5802381                                                                                                           
NH	33009960500	2642	2197	402154142	3514829	     155.273	       1.357	 44.0361427	 -71.8463531                                                                                                           
NH	33009960600	4697	2379	132063454	2899488	      50.990	       1.119	 44.0763212	 -71.9920869                                                                                                           
NH	33009960700	2938	1663	327770342	8492487	     126.553	       3.279	 43.9176953	 -72.0334276                                                                                                           
NH	33009960800	4896	3237	297503553	4495854	     114.867	       1.736	 43.8445390	 -71.7141218                                                                                                           
NH	33009960900	3266	2086	403767983	9682113	     155.896	       3.738	 43.7484748	 -71.9884485                                                                                                           
NH	33009961000	6990	2231	72846022	1487417	      28.126	       0.574	 43.7439120	 -71.7267441                                                                                                            
NH	33009961100	4184	2865	107381132	15250483	      41.460	       5.888	 43.7458437	 -71.5946250                                                                                                          
NH	33009961200	4137	3483	99304707	14062378	      38.342	       5.430	 43.6504639	 -71.6896360                                                                                                           
NH	33009961300	3284	1973	279176472	3087575	     107.791	       1.192	 43.6115487	 -71.9194732                                                                                                           
NH	33009961400	3909	1930	137943831	4582034	      53.260	       1.769	 43.6876870	 -72.0439868                                                                                                           
NH	33009961500	4582	2508	104285992	7362850	      40.265	       2.843	 43.6033139	 -72.1185980                                                                                                           
NH	33009961601	2624	1169	115264968	2058338	      44.504	       0.795	 43.7196856	 -72.1789387                                                                                                           
NH	33009961602	8636	2276	11704709	1219299	       4.519	       0.471	 43.7083657	 -72.2771870                                                                                                            
NH	33009961700	7572	3929	45563816	1645982	      17.592	       0.636	 43.6561245	 -72.2527190                                                                                                            
NH	33009961800	5579	2720	58868318	975708	      22.729	       0.377	 43.6233155	 -72.2514532                                                                                                             
NH	33011000101	2916	1328	2490133	59952	       0.961	       0.023	 43.0151175	 -71.4580380                                                                                                               
NH	33011000102	5024	1987	4408736	276142	       1.702	       0.107	 43.0281560	 -71.4662201                                                                                                              
NH	33011000202	2297	1015	2766294	146239	       1.068	       0.056	 43.0007085	 -71.4898122                                                                                                              
NH	33011000203	3054	1998	1934594	355308	       0.747	       0.137	 43.0116685	 -71.4763725                                                                                                              
NH	33011000204	4793	2466	8870364	73175	       3.425	       0.028	 43.0220460	 -71.4926215                                                                                                               
NH	33011000300	2881	1410	515286	0	       0.199	       0.000	 42.9950523	 -71.4824077                                                                                                                    
NH	33011000600	2248	1254	497694	0	       0.192	       0.000	 43.0021343	 -71.4620351                                                                                                                    
NH	33011000700	3109	1386	1253386	0	       0.484	       0.000	 43.0054825	 -71.4524237                                                                                                                   
NH	33011000800	2378	1018	531789	0	       0.205	       0.000	 42.9976288	 -71.4514532                                                                                                                    
NH	33011000901	3523	1540	2811355	0	       1.085	       0.000	 43.0074205	 -71.4409741                                                                                                                   
NH	33011000902	5416	2428	4942819	0	       1.908	       0.000	 43.0070884	 -71.4182440                                                                                                                   
NH	33011001000	6027	2453	12412152	2185826	       4.792	       0.844	 42.9745453	 -71.3974621                                                                                                            
NH	33011001100	5313	2143	4974766	58284	       1.921	       0.023	 42.9812578	 -71.4222681                                                                                                               
NH	33011001200	1919	856	822863	0	       0.318	       0.000	 42.9914093	 -71.4394813                                                                                                                     
NH	33011001300	3151	1586	504286	0	       0.195	       0.000	 42.9932002	 -71.4511133                                                                                                                    
NH	33011001400	2257	1161	488559	0	       0.189	       0.000	 42.9874113	 -71.4595137                                                                                                                    
NH	33011001500	2987	1141	384224	0	       0.148	       0.000	 42.9861500	 -71.4552001                                                                                                                    
NH	33011001600	4010	1710	693903	0	       0.268	       0.000	 42.9861276	 -71.4489990                                                                                                                    
NH	33011001700	2226	1096	682423	0	       0.263	       0.000	 42.9842321	 -71.4387344                                                                                                                    
NH	33011001800	5730	2484	1504873	0	       0.581	       0.000	 42.9768190	 -71.4407529                                                                                                                   
NH	33011001900	3390	1133	1542578	35434	       0.596	       0.014	 42.9753717	 -71.4609773                                                                                                               
NH	33011002000	2208	1029	464904	61320	       0.180	       0.024	 42.9821338	 -71.4740115                                                                                                                
NH	33011002100	4782	2091	1532463	55741	       0.592	       0.022	 42.9881012	 -71.4790246                                                                                                               
NH	33011002200	3232	1557	1933221	93365	       0.746	       0.036	 42.9836513	 -71.4894122                                                                                                               
NH	33011002300	3758	1707	2015168	93151	       0.778	       0.036	 42.9701547	 -71.4806316                                                                                                               
NH	33011002400	7118	2888	4079191	264652	       1.575	       0.102	 42.9587931	 -71.4654067                                                                                                              
NH	33011002500	5205	2305	4325981	66505	       1.670	       0.026	 42.9650872	 -71.4407616                                                                                                               
NH	33011002600	5746	2217	12509534	531605	       4.830	       0.205	 42.9404661	 -71.4266665                                                                                                             
NH	33011002701	3807	1495	36788438	158600	      14.204	       0.061	 43.0074325	 -71.6067169                                                                                                             
NH	33011002702	6029	2394	40241471	1011981	      15.537	       0.391	 43.0356952	 -71.5459736                                                                                                            
NH	33011002800	7815	2452	18432971	411375	       7.117	       0.159	 42.9974717	 -71.5377193                                                                                                             
NH	33011002901	7086	2881	26156220	389327	      10.099	       0.150	 42.9294249	 -71.4885481                                                                                                             
NH	33011002902	6257	2217	23650149	309924	       9.131	       0.120	 42.9621097	 -71.5367971                                                                                                             
NH	33011002903	7860	2536	35216925	52473	      13.597	       0.020	 42.9392656	 -71.5533244                                                                                                              
NH	33011010100	5345	2054	5779925	608315	       2.232	       0.235	 42.7886500	 -71.4763340                                                                                                              
NH	33011010200	7146	3255	13991617	227915	       5.402	       0.088	 42.7880096	 -71.5179526                                                                                                             
NH	33011010301	4833	2026	3762870	72904	       1.453	       0.028	 42.7594629	 -71.5174287                                                                                                               
NH	33011010302	4237	1757	3233285	73172	       1.248	       0.028	 42.7609436	 -71.5042717                                                                                                               
NH	33011010400	4979	2113	3897733	378324	       1.505	       0.146	 42.7686798	 -71.4728646                                                                                                              
NH	33011010500	3903	1934	1010974	54188	       0.390	       0.021	 42.7651520	 -71.4636104                                                                                                               
NH	33011010600	5560	2574	2321544	208875	       0.896	       0.081	 42.7577013	 -71.4499884                                                                                                              
NH	33011010700	1570	975	788294	0	       0.304	       0.000	 42.7563079	 -71.4618176                                                                                                                     
NH	33011010800	7583	3298	2716104	114911	       1.049	       0.044	 42.7564348	 -71.4797741                                                                                                              
NH	33011010900	6183	2406	2955489	8595	       1.141	       0.003	 42.7447878	 -71.4767104                                                                                                                
NH	33011011000	5103	1829	5062545	332822	       1.955	       0.129	 42.7416490	 -71.4533148                                                                                                              
NH	33011011101	3139	1760	1121295	4988	       0.433	       0.002	 42.7037850	 -71.4587374                                                                                                                
NH	33011011102	3358	1927	3083670	189060	       1.191	       0.073	 42.7127653	 -71.4435737                                                                                                              
NH	33011011200	6360	2507	8068276	25601	       3.115	       0.010	 42.7173070	 -71.4670938                                                                                                               
NH	33011011300	4524	1516	3067446	0	       1.184	       0.000	 42.7265022	 -71.4841076                                                                                                                   
NH	33011011401	5183	2166	10862450	98029	       4.194	       0.038	 42.7165840	 -71.5112759                                                                                                              
NH	33011011402	5058	1915	4060267	0	       1.568	       0.000	 42.7295671	 -71.4970787                                                                                                                   
NH	33011011500	2430	1156	4118149	288279	       1.590	       0.111	 42.7254675	 -71.5272789                                                                                                              
NH	33011012100	8201	3005	28060039	624602	      10.834	       0.241	 42.7985858	 -71.4075830                                                                                                             
NH	33011012200	7336	3055	7874027	423891	       3.040	       0.164	 42.7638111	 -71.4320103                                                                                                              
NH	33011012300	8930	3152	37412283	1366164	      14.445	       0.527	 42.7334100	 -71.3940128                                                                                                            
NH	33011013100	8271	2912	38722078	906768	      14.951	       0.350	 42.8460733	 -71.4682973                                                                                                             
NH	33011014100	5631	2719	15206693	1530895	       5.871	       0.591	 42.8468511	 -71.4851270                                                                                                            
NH	33011014201	5876	2031	24992569	168111	       9.650	       0.065	 42.8755895	 -71.5462989                                                                                                             
NH	33011014202	6262	2293	13149289	16082	       5.077	       0.006	 42.8839453	 -71.4913905                                                                                                              
NH	33011014300	7725	2775	30900408	562047	      11.931	       0.217	 42.8365144	 -71.5374969                                                                                                             
NH	33011015100	5265	1955	48591098	270376	      18.761	       0.104	 42.8872905	 -71.6249107                                                                                                             
NH	33011015200	5936	2325	39958462	1087743	      15.428	       0.420	 42.8491426	 -71.5981526                                                                                                            
NH	33011016100	2989	1188	11536427	18883	       4.454	       0.007	 42.8565645	 -71.6828949                                                                                                              
NH	33011016201	7017	3283	8946491	10131	       3.454	       0.004	 42.8308889	 -71.6569500                                                                                                               
NH	33011016202	5109	1824	45094901	119016	      17.411	       0.046	 42.8074281	 -71.6739952                                                                                                             
NH	33011017100	7684	2929	82254969	1442104	      31.759	       0.557	 42.7496263	 -71.5854008                                                                                                            
NH	33011018000	4991	1700	51214807	935401	      19.774	       0.361	 42.7499894	 -71.6758298                                                                                                             
NH	33011018501	2105	933	17771303	0	       6.862	       0.000	 42.7577199	 -71.7996628                                                                                                                   
NH	33011018502	1382	571	61927143	143147	      23.910	       0.055	 42.7422651	 -71.7509523                                                                                                              
NH	33011019000	3677	1530	66694628	244914	      25.751	       0.095	 42.8353016	 -71.7691548                                                                                                             
NH	33011019501	1683	687	78783023	300510	      30.418	       0.116	 42.9041559	 -71.7714139                                                                                                              
NH	33011019502	2409	868	43036255	212964	      16.616	       0.082	 42.9088845	 -71.6941990                                                                                                              
NH	33011020000	5321	1967	110949327	968233	      42.838	       0.374	 42.9812070	 -71.6775242                                                                                                            
NH	33011021000	8785	3466	152386465	2713284	      58.837	       1.048	 43.0780609	 -71.7036120                                                                                                           
NH	33011021500	4950	2353	186544350	3727901	      72.025	       1.439	 43.0311505	 -71.8430212                                                                                                           
NH	33011022000	1749	699	67608945	1442249	      26.104	       0.557	 42.9387402	 -71.8794244                                                                                                             
NH	33011022500	6817	2622	182826360	1377732	      70.590	       0.532	 42.7980918	 -71.8857207                                                                                                           
NH	33011023000	6284	2956	97686573	1050414	      37.717	       0.406	 42.8901725	 -71.9409984                                                                                                            
NH	33011024000	1654	864	77626641	3234024	      29.972	       1.249	 42.9773389	 -71.9978207                                                                                                             
NH	33011025000	2637	1329	92374730	2149359	      35.666	       0.830	 43.0526687	 -71.9887553                                                                                                            
NH	33011025500	6235	3033	134641696	3286855	      51.985	       1.269	 43.1345987	 -71.9585692                                                                                                           
NH	33011200100	4522	1596	26674834	515911	      10.299	       0.199	 42.7384405	 -71.3562218                                                                                                             
NH	33011200200	4092	1421	21349377	96743	       8.243	       0.037	 42.7314503	 -71.3199263                                                                                                              
NH	33011200300	4283	1581	20273999	848004	       7.828	       0.327	 42.7296848	 -71.2850373                                                                                                             
NH	33011200400	2867	1901	1553214	266557	       0.600	       0.103	 42.9910638	 -71.4666481                                                                                                              
NH	33011980101	0	0	2283477	199204	       0.882	       0.077	 42.9367846	 -71.4384530                                                                                                                    
NH	33013003001	4168	1555	32355071	1622232	      12.492	       0.626	 43.0747551	 -71.4784514                                                                                                            
NH	33013003006	3637	1346	10286073	22685	       3.971	       0.009	 43.0275898	 -71.4272596                                                                                                              
NH	33013003100	4322	1881	52623658	285783	      20.318	       0.110	 43.1423950	 -71.3851919                                                                                                             
NH	33013003200	7115	2872	59006028	414803	      22.782	       0.160	 43.1806629	 -71.4470488                                                                                                             
NH	33013030000	2758	1077	79985967	1237027	      30.883	       0.478	 43.1124541	 -71.6074799                                                                                                            
NH	33013031001	3874	1389	47317438	680763	      18.269	       0.263	 43.1305093	 -71.5042046                                                                                                             
NH	33013031002	3645	1418	25285725	332897	       9.763	       0.129	 43.1310874	 -71.5637200                                                                                                             
NH	33013032100	3880	1621	4311965	36041	       1.665	       0.014	 43.1854102	 -71.5404665                                                                                                               
NH	33013032200	2806	1385	2558321	332885	       0.988	       0.129	 43.1904367	 -71.5258444                                                                                                              
NH	33013032300	1756	1040	813173	15724	       0.314	       0.006	 43.2050590	 -71.5386826                                                                                                                
NH	33013032400	3593	1740	3178741	519963	       1.227	       0.201	 43.2174756	 -71.5328387                                                                                                              
NH	33013032500	3908	1531	33710483	1520230	      13.016	       0.587	 43.1932400	 -71.5842910                                                                                                            
NH	33013032600	4129	1093	14205359	2083068	       5.485	       0.804	 43.2274951	 -71.5769084                                                                                                            
NH	33013032701	1583	692	13543344	796614	       5.229	       0.308	 43.2550643	 -71.6369200                                                                                                              
NH	33013032706	3887	1633	6471818	542012	       2.499	       0.209	 43.2763055	 -71.5849013                                                                                                              
NH	33013032800	5100	2128	49420557	1677400	      19.081	       0.648	 43.2711911	 -71.5186137                                                                                                            
NH	33013032900	4254	2194	3064563	115691	       1.183	       0.045	 43.2218790	 -71.5038406                                                                                                              
NH	33013033000	2523	963	54427897	277042	      21.015	       0.107	 43.2652592	 -71.4088353                                                                                                              
NH	33013034000	4566	1839	88737153	507265	      34.262	       0.196	 43.2048124	 -71.3485630                                                                                                             
NH	33013035000	4106	1769	61783845	704143	      23.855	       0.272	 43.2885012	 -71.3093678                                                                                                             
NH	33013036000	5317	2081	119303594	1665297	      46.063	       0.643	 43.3126921	 -71.4403557                                                                                                           
NH	33013037000	2352	1002	114789647	2091484	      44.321	       0.808	 43.3525669	 -71.5337648                                                                                                           
NH	33013038000	3965	1453	63947210	1779917	      24.690	       0.687	 43.3116850	 -71.6654210                                                                                                            
NH	33013038500	4705	2207	216892899	2116184	      83.743	       0.817	 43.2878098	 -71.7975251                                                                                                           
NH	33013039000	5589	2381	112335445	4624061	      43.373	       1.785	 43.2038765	 -71.6979148                                                                                                           
NH	33013040000	4836	1928	114051040	1769141	      44.035	       0.683	 43.1694214	 -71.8311890                                                                                                           
NH	33013040500	5559	3461	293955918	9674215	     113.497	       3.735	 43.3053039	 -71.9749471                                                                                                           
NH	33013041000	4397	2303	58237915	7983653	      22.486	       3.083	 43.4177205	 -71.9906093                                                                                                            
NH	33013041500	3611	1855	242116771	2044829	      93.482	       0.790	 43.5081496	 -71.8600108                                                                                                           
NH	33013042500	3753	1719	208396166	2950880	      80.462	       1.139	 43.4074376	 -71.7886512                                                                                                           
NH	33013043001	4200	1859	32922774	779892	      12.712	       0.301	 43.4199908	 -71.6640229                                                                                                             
NH	33013043002	4277	2079	37728339	3975086	      14.567	       1.535	 43.4761949	 -71.6767404                                                                                                            
NH	33013044000	4829	1969	74668880	891042	      28.830	       0.344	 43.4102518	 -71.5678752                                                                                                             
NH	33013044100	3570	1767	16872068	734081	       6.514	       0.283	 43.2025395	 -71.4998913                                                                                                             
NH	33013044200	5646	2283	51801417	1032293	      20.001	       0.399	 43.0719966	 -71.4131074                                                                                                            
NH	33013044300	4229	2028	18242543	0	       7.043	       0.000	 43.2429551	 -71.6110263                                                                                                                  
NH	33015003301	4567	1599	21643739	563512	       8.357	       0.218	 42.9178492	 -71.2687889                                                                                                             
NH	33015003302	4995	1908	12071220	61474	       4.661	       0.024	 42.9182119	 -71.3279999                                                                                                              
NH	33015003400	5355	2528	5427595	98311	       2.096	       0.038	 42.8927618	 -71.3205615                                                                                                               
NH	33015003500	5782	2785	5529060	0	       2.135	       0.000	 42.8795240	 -71.3159054                                                                                                                   
NH	33015003601	6817	2427	18393683	92568	       7.102	       0.036	 42.8557123	 -71.2986547                                                                                                              
NH	33015003602	5593	2030	29162389	1437706	      11.260	       0.555	 42.8754317	 -71.2439515                                                                                                            
NH	33015003701	3587	1407	12543926	28875	       4.843	       0.011	 42.8770170	 -71.3627499                                                                                                              
NH	33015003703	5104	2038	36418743	165333	      14.061	       0.064	 42.9096413	 -71.3776926                                                                                                             
NH	33015003801	3931	1307	13949635	37896	       5.386	       0.015	 42.8696699	 -71.3879189                                                                                                              
NH	33015003802	4057	1321	22671338	67740	       8.753	       0.026	 42.8737559	 -71.4230838                                                                                                              
NH	33015003901	4076	1551	8869677	32874	       3.425	       0.013	 42.8440478	 -71.3465393                                                                                                               
NH	33015003902	3374	1147	10460154	0	       4.039	       0.000	 42.8232686	 -71.3718668                                                                                                                  
NH	33015004000	4953	1814	65270868	9068245	      25.201	       3.501	 42.9970492	 -71.3658039                                                                                                            
NH	33015050000	3909	1494	78557811	627056	      30.331	       0.242	 43.0614463	 -71.3199969                                                                                                             
NH	33015051000	4768	1596	67138229	316619	      25.922	       0.122	 42.9846571	 -71.2552127                                                                                                             
NH	33015052000	5986	2214	36131066	1261550	      13.950	       0.487	 42.9340178	 -71.1836046                                                                                                            
NH	33015053000	4387	1684	30353274	470661	      11.719	       0.182	 42.9279108	 -71.1201845                                                                                                             
NH	33015054000	4283	1573	44305937	722775	      17.107	       0.279	 42.9998565	 -71.1197135                                                                                                             
NH	33015055001	5944	2308	44318373	1316623	      17.111	       0.508	 43.0195877	 -71.2231681                                                                                                            
NH	33015055002	4194	1946	30185860	745973	      11.655	       0.288	 43.0514205	 -71.1736449                                                                                                             
NH	33015056000	4280	1743	131799380	3424010	      50.888	       1.322	 43.1363215	 -71.2550770                                                                                                           
NH	33015057000	4241	2129	72645399	5262264	      28.049	       2.032	 43.2105888	 -71.2159743                                                                                                            
NH	33015058000	4785	1986	120515946	4966834	      46.531	       1.918	 43.1298473	 -71.1318591                                                                                                           
NH	33015059000	6411	2723	67381366	561794	      26.016	       0.217	 43.0485122	 -71.0787375                                                                                                             
NH	33015060000	4486	1350	43407153	573172	      16.760	       0.221	 42.9837228	 -71.0539976                                                                                                             
NH	33015061001	5953	2614	33801504	466443	      13.051	       0.180	 42.9950893	 -70.9824461                                                                                                             
NH	33015062000	2357	907	25895650	161798	       9.998	       0.062	 42.9258646	 -71.0026333                                                                                                              
NH	33015062500	2938	1310	51356304	389121	      19.829	       0.150	 42.9117959	 -70.9534394                                                                                                             
NH	33015063001	3728	1745	8713256	0	       3.364	       0.000	 42.8931442	 -70.8913249                                                                                                                   
NH	33015063002	4965	2799	14328379	1981282	       5.532	       0.765	 42.8843005	 -70.8417789                                                                                                            
NH	33015064000	2236	900	31574300	835762	      12.191	       0.323	 42.9248106	 -70.8862417                                                                                                              
NH	33015065001	7874	3639	20549682	345872	       7.934	       0.134	 42.9504397	 -70.8478311                                                                                                             
NH	33015065005	2469	1551	2023166	752088	       0.781	       0.290	 42.9348034	 -70.8080767                                                                                                              
NH	33015065006	1527	1066	2671210	643269	       1.031	       0.248	 42.9482522	 -70.7980218                                                                                                              
NH	33015065007	1842	1280	3212046	463380	       1.240	       0.179	 42.9240267	 -70.8113445                                                                                                              
NH	33015065008	1718	2385	4961593	2518352	       1.916	       0.972	 42.9112575	 -70.8259206                                                                                                             
NH	33015066000	4301	1914	36036874	1288397	      13.914	       0.497	 42.9783168	 -70.8301087                                                                                                            
NH	33015067000	7255	2864	39111658	944265	      15.101	       0.365	 43.0149968	 -70.9025858                                                                                                             
NH	33015067501	7252	3035	44114732	1419196	      17.033	       0.548	 43.0536908	 -70.9573124                                                                                                            
NH	33015067502	3364	1695	6755697	3197528	       2.608	       1.235	 43.0822986	 -70.9094385                                                                                                             
NH	33015069100	3867	2324	1704354	806186	       0.658	       0.311	 43.0713977	 -70.7540186                                                                                                              
NH	33015069200	2638	1561	1006665	0	       0.389	       0.000	 43.0694123	 -70.7686399                                                                                                                   
NH	33015069300	2065	1114	2229777	764864	       0.861	       0.295	 43.0822390	 -70.7690472                                                                                                              
NH	33015069700	3519	1640	5687702	5014822	       2.196	       1.936	 43.0671042	 -70.7304390                                                                                                             
NH	33015071000	5298	2852	32672324	43757871	      12.615	      16.895	 43.0334671	 -70.7192233                                                                                                           
NH	33015100100	6658	2673	20860019	1562403	       8.054	       0.603	 42.8222296	 -71.2161300                                                                                                            
NH	33015100200	5606	2228	8349708	233359	       3.224	       0.090	 42.7948937	 -71.2132418                                                                                                              
NH	33015100301	4521	1833	12771817	608960	       4.931	       0.235	 42.7765518	 -71.2542173                                                                                                             
NH	33015100302	4262	1862	8599449	17383	       3.320	       0.007	 42.7595734	 -71.2420040                                                                                                               
NH	33015100400	7729	3214	13445019	505320	       5.191	       0.195	 42.7677672	 -71.1945194                                                                                                             
NH	33015101100	7609	3016	27529155	23763	      10.629	       0.009	 42.8407030	 -71.0949928                                                                                                              
NH	33015102100	4603	1751	25661608	393396	       9.908	       0.152	 42.8703694	 -71.0459151                                                                                                             
NH	33015103100	6751	2788	28867449	416158	      11.146	       0.161	 42.8392228	 -71.1663203                                                                                                             
NH	33015104101	4781	2112	16791736	180059	       6.483	       0.070	 42.8732858	 -71.1488865                                                                                                             
NH	33015104102	3742	1615	17662328	1538354	       6.819	       0.594	 42.8874731	 -71.1902141                                                                                                            
NH	33015105100	6025	2480	50901070	3184188	      19.653	       1.229	 42.9137308	 -71.0735952                                                                                                            
NH	33015106101	7264	2579	38569979	343995	      14.892	       0.133	 42.8217748	 -71.2940530                                                                                                             
NH	33015106102	6328	2585	30858311	2395258	      11.914	       0.925	 42.7868310	 -71.3056525                                                                                                            
NH	33015106200	4331	2029	6135702	297232	       2.369	       0.115	 42.9702296	 -70.9554001                                                                                                              
NH	33015106400	4022	1853	10718916	210203	       4.139	       0.081	 42.9729794	 -70.9249980                                                                                                             
NH	33015107100	2465	1176	3441150	22843	       1.329	       0.009	 43.0887799	 -70.7868340                                                                                                               
NH	33015107200	6024	2837	14642209	295392	       5.653	       0.114	 43.0409572	 -70.7837578                                                                                                             
NH	33015107400	1169	510	13918991	0	       5.374	       0.000	 43.0628815	 -70.8029563                                                                                                                   
NH	33015107500	4302	1765	48206502	18487599	      18.613	       7.138	 43.0834141	 -70.8476302                                                                                                           
NH	33015980011	0	0	3827019	0	       1.478	       0.000	 42.9241013	 -71.4359126                                                                                                                         
NH	33015990000	0	0	0	131638247	       0.000	      50.826	 42.9043423	 -70.7555105                                                                                                                       
NH	33017080100	2705	1091	40423307	4794668	      15.608	       1.851	 43.1019048	 -70.9162451                                                                                                            
NH	33017080202	2630	1089	8104679	1324214	       3.129	       0.511	 43.1411185	 -70.8954649                                                                                                             
NH	33017080203	5159	536	4123134	47639	       1.592	       0.018	 43.1357372	 -70.9508833                                                                                                                
NH	33017080204	4144	376	5308440	70379	       2.050	       0.027	 43.1489757	 -70.9423842                                                                                                                
NH	33017080500	6101	2418	81863753	2010309	      31.608	       0.776	 43.1408312	 -70.9777319                                                                                                            
NH	33017081100	6398	3123	14856302	1005160	       5.736	       0.388	 43.1611925	 -70.8760181                                                                                                            
NH	33017081200	4492	2094	13169574	3422819	       5.085	       1.322	 43.1555485	 -70.8441809                                                                                                            
NH	33017081300	4531	2400	3166898	75906	       1.223	       0.029	 43.1898266	 -70.8732868                                                                                                               
NH	33017081400	1831	939	4486438	1199842	       1.732	       0.463	 43.1942291	 -70.8459862                                                                                                              
NH	33017081500	5721	2715	3875333	58923	       1.496	       0.023	 43.2106935	 -70.8824163                                                                                                               
NH	33017081600	7014	2414	29643528	221454	      11.445	       0.086	 43.2131981	 -70.9155205                                                                                                             
NH	33017082000	2527	1099	18887032	767191	       7.292	       0.296	 43.2198451	 -70.8431121                                                                                                             
NH	33017083001	6802	2978	10857254	240579	       4.192	       0.093	 43.2640208	 -70.8794170                                                                                                             
NH	33017083002	4964	2221	14501410	268568	       5.599	       0.104	 43.2419142	 -70.8914947                                                                                                             
NH	33017084100	4872	2150	21347997	0	       8.243	       0.000	 43.2807826	 -70.9355332                                                                                                                  
NH	33017084200	7657	3393	30109614	20455	      11.625	       0.008	 43.3304653	 -70.9624673                                                                                                              
NH	33017084300	6534	3077	7235380	222509	       2.794	       0.086	 43.3110995	 -70.9673339                                                                                                              
NH	33017084400	4081	1817	3959774	0	       1.529	       0.000	 43.3006203	 -70.9864539                                                                                                                   
NH	33017084500	3935	1687	24793736	36123	       9.573	       0.014	 43.2548081	 -70.9705547                                                                                                              
NH	33017084600	2673	1248	30146672	653391	      11.640	       0.252	 43.3096618	 -71.0256259                                                                                                             
NH	33017085000	8576	3661	120933497	4790456	      46.693	       1.850	 43.2155691	 -71.0389788                                                                                                           
NH	33017086000	3991	1784	127316094	5755130	      49.157	       2.222	 43.2755994	 -71.1689910                                                                                                           
NH	33017087000	6786	2832	96394821	824183	      37.218	       0.318	 43.3725600	 -71.0832595                                                                                                             
NH	33017088000	4598	2181	85769373	3183206	      33.116	       1.229	 43.4522303	 -71.0146529                                                                                                            
NH	33017088500	4421	2374	154366529	7925804	      59.601	       3.060	 43.4551339	 -71.1156239                                                                                                           
NH	33019975100	4004	1731	244175493	3807305	      94.277	       1.470	 43.5209577	 -72.3066265                                                                                                           
NH	33019975200	5060	2871	277391125	6577505	     107.101	       2.540	 43.4779209	 -72.1164473                                                                                                           
NH	33019975300	3365	2431	54715899	10578268	      21.126	       4.084	 43.3900882	 -72.0931293                                                                                                           
NH	33019975400	6507	2938	112832838	206600	      43.565	       0.080	 43.3705457	 -72.1974938                                                                                                            
NH	33019975500	3087	2216	259713315	7007125	     100.276	       2.705	 43.2194530	 -72.1242848                                                                                                           
NH	33019975600	3250	1598	238403002	1531292	      92.048	       0.591	 43.2351184	 -72.3024102                                                                                                           
NH	33019975700	5114	2263	92720315	5817280	      35.800	       2.246	 43.2466340	 -72.3839312                                                                                                            
NH	33019975800	4712	2142	29383069	1816808	      11.345	       0.701	 43.3651262	 -72.3783100                                                                                                            
NH	33019975901	4695	2273	56588943	680310	      21.849	       0.263	 43.3989265	 -72.3270208                                                                                                             
NH	33019975902	3948	1878	25711378	0	       9.927	       0.000	 43.3488804	 -72.3104756                                                                                                                  
